berks
1
1
1
1
1
1
1
1
1
1
1
1
1
1
1
1
1
1
1
1
1
1
1
1
1
1
1
1
1
1
1
1
1
1
1
1
1
1
1
1
1
1
1
1
1
1
1
1
1
1
1
1
1
1
1
1
1
1
1
1
1
1
1
1
1
1
1
1
1
1
1
1
1
1
1
1
1
1
1
1
1
1
1
1
1
1
1
1
1
1
1
1
1
1
1
1
1
1
1
1
1
1
1
1
1
1
1
1
1
1
1
0.967741935
0.967741935
0.967741935
0.967741935
0.967741935
0.967741935
0.967741935
0.967741935
0.967741935
0.967741935
0.967741935
0.967741935
0.967741935
0.967741935
0.967741935
0.967741935
0.967741935
0.967741935
0.967741935
0.967741935
0.967741935
0.967741935
0.967741935
0.967741935
0.967741935
0.967741935
0.967741935
0.967741935
0.967741935
0.967741935
0.967741935
0.967741935
0.967741935
0.967741935
0.967741935
0.967741935
0.967741935
0.967741935
0.967741935
0.967741935
0.967741935
0.967741935
0.967741935
0.967741935
0.967741935
0.967741935
0.967741935
0.967741935
0.967741935
0.967741935
0.967741935
0.967741935
0.967741935
0.967741935
0.967741935
0.967741935
0.967741935
0.967741935
0.967741935
0.967741935
0.967741935
0.935483871
0.935483871
0.935483871
0.935483871
0.935483871
0.935483871
0.935483871
0.935483871
0.935483871
0.935483871
0.935483871
0.935483871
0.935483871
0.935483871
0.935483871
0.935483871
0.935483871
0.935483871
0.935483871
0.935483871
0.935483871
0.935483871
0.935483871
0.935483871
0.935483871
0.935483871
0.935483871
0.935483871
0.935483871
0.935483871
0.935483871
0.935483871
0.935483871
0.935483871
0.935483871
0.935483871
0.935483871
0.935483871
0.935483871
0.935483871
0.935483871
0.935483871
0.935483871
0.935483871
0.935483871
0.935483871
0.935483871
0.935483871
0.935483871
0.935483871
0.935483871
0.935483871
0.935483871
0.935483871
0.935483871
0.935483871
0.903225806
0.903225806
0.903225806
0.903225806
0.903225806
0.903225806
0.903225806
0.903225806
0.903225806
0.903225806
0.903225806
0.903225806
0.903225806
0.903225806
0.903225806
0.903225806
0.903225806
0.903225806
0.903225806
0.903225806
0.903225806
0.903225806
0.903225806
0.903225806
0.903225806
0.903225806
0.903225806
0.903225806
0.903225806
0.903225806
0.903225806
0.903225806
0.903225806
0.903225806
0.903225806
0.903225806
0.903225806
0.903225806
0.903225806
0.903225806
0.903225806
0.903225806
0.903225806
0.903225806
0.903225806
0.903225806
0.903225806
0.903225806
0.903225806
0.903225806
0.903225806
0.903225806
0.903225806
0.870967742
0.870967742
0.870967742
0.870967742
0.870967742
0.870967742
0.870967742
0.870967742
0.870967742
0.870967742
0.870967742
0.870967742
0.870967742
0.870967742
0.870967742
0.870967742
0.870967742
0.870967742
0.870967742
0.870967742
0.870967742
0.870967742
0.870967742
0.870967742
0.870967742
0.870967742
0.870967742
0.870967742
0.870967742
0.870967742
0.870967742
0.870967742
0.870967742
0.870967742
0.870967742
0.870967742
0.870967742
0.870967742
0.870967742
0.870967742
0.870967742
0.870967742
0.870967742
0.870967742
0.870967742
0.870967742
0.870967742
0.870967742
0.870967742
0.870967742
0.870967742
0.838709677
0.838709677
0.838709677
0.838709677
0.838709677
0.838709677
0.838709677
0.838709677
0.838709677
0.838709677
0.838709677
0.838709677
0.838709677
0.838709677
0.838709677
0.838709677
0.838709677
0.838709677
0.838709677
0.838709677
0.838709677
0.838709677
0.838709677
0.838709677
0.838709677
0.838709677
0.806451613
0.806451613
0.806451613
0.806451613
0.806451613
0.806451613
0.806451613
0.806451613
0.806451613
0.806451613
0.806451613
0.806451613
0.806451613
0.806451613
0.806451613
0.806451613
0.806451613
0.806451613
0.806451613
0.806451613
0.806451613
0.806451613
0.806451613
0.774193548
0.774193548
0.774193548
0.774193548
0.774193548
0.774193548
0.774193548
0.774193548
0.774193548
0.774193548
0.774193548
0.774193548
0.774193548
0.774193548
0.774193548
0.774193548
0.774193548
0.774193548
0.774193548
0.774193548
0.774193548
0.774193548
0.774193548
0.774193548
0.774193548
0.774193548
0.774193548
0.774193548
0.774193548
0.774193548
0.774193548
0.774193548
0.774193548
0.774193548
0.774193548
0.774193548
0.774193548
0.741935484
0.741935484
0.741935484
0.741935484
0.741935484
0.741935484
0.741935484
0.741935484
0.741935484
0.741935484
0.741935484
0.741935484
0.741935484
0.741935484
0.741935484
0.741935484
0.741935484
0.741935484
0.741935484
0.741935484
0.741935484
0.741935484
0.741935484
0.741935484
0.741935484
0.741935484
0.741935484
0.741935484
0.709677419
0.709677419
0.709677419
0.709677419
0.709677419
0.709677419
0.709677419
0.709677419
0.709677419
0.709677419
0.709677419
0.709677419
0.709677419
0.709677419
0.709677419
0.709677419
0.709677419
0.709677419
0.709677419
0.709677419
0.709677419
0.709677419
0.709677419
0.709677419
0.709677419
0.677419355
0.677419355
0.677419355
0.677419355
0.677419355
0.677419355
0.677419355
0.677419355
0.677419355
0.677419355
0.677419355
0.677419355
0.677419355
0.677419355
0.677419355
0.677419355
0.677419355
0.677419355
0.677419355
0.677419355
0.677419355
0.677419355
0.677419355
0.677419355
0.677419355
0.677419355
0.677419355
0.677419355
0.64516129
0.64516129
0.64516129
0.64516129
0.64516129
0.64516129
0.64516129
0.64516129
0.64516129
0.64516129
0.64516129
0.64516129
0.64516129
0.64516129
0.64516129
0.64516129
0.64516129
0.64516129
0.64516129
0.64516129
0.64516129
0.64516129
0.64516129
0.64516129
0.64516129
0.64516129
0.64516129
0.64516129
0.64516129
0.64516129
0.64516129
0.64516129
0.64516129
0.612903226
0.612903226
0.612903226
0.612903226
0.612903226
0.612903226
0.612903226
0.612903226
0.612903226
0.612903226
0.612903226
0.612903226
0.612903226
0.612903226
0.612903226
0.612903226
0.612903226
0.612903226
0.612903226
0.612903226
0.612903226
0.612903226
0.612903226
0.612903226
0.612903226
0.580645161
0.580645161
0.580645161
0.580645161
0.580645161
0.580645161
0.580645161
0.580645161
0.580645161
0.580645161
0.580645161
0.580645161
0.580645161
0.580645161
0.580645161
0.580645161
0.580645161
0.580645161
0.580645161
0.580645161
0.580645161
0.580645161
0.580645161
0.548387097
0.548387097
0.548387097
0.548387097
0.548387097
0.548387097
0.548387097
0.548387097
0.548387097
0.548387097
0.548387097
0.548387097
0.548387097
0.548387097
0.548387097
0.548387097
0.548387097
0.548387097
0.548387097
0.548387097
0.548387097
0.516129032
0.516129032
0.516129032
0.516129032
0.516129032
0.516129032
0.516129032
0.516129032
0.516129032
0.516129032
0.516129032
0.516129032
0.516129032
0.516129032
0.516129032
0.516129032
0.516129032
0.516129032
0.516129032
0.516129032
0.516129032
0.516129032
0.516129032
0.516129032
0.516129032
0.516129032
0.516129032
0.516129032
0.516129032
0.483870968
0.483870968
0.483870968
0.483870968
0.483870968
0.483870968
0.483870968
0.483870968
0.483870968
0.483870968
0.483870968
0.483870968
0.483870968
0.483870968
0.483870968
0.483870968
0.483870968
0.483870968
0.483870968
0.483870968
0.483870968
0.483870968
0.483870968
0.483870968
0.483870968
0.483870968
0.483870968
0.483870968
0.483870968
0.483870968
0.451612903
0.451612903
0.451612903
0.451612903
0.451612903
0.451612903
0.451612903
0.451612903
0.451612903
0.451612903
0.451612903
0.451612903
0.451612903
0.451612903
0.451612903
0.451612903
0.451612903
0.451612903
0.451612903
0.451612903
0.451612903
0.451612903
0.451612903
0.451612903
0.451612903
0.451612903
0.451612903
0.451612903
0.451612903
0.419354839
0.419354839
0.419354839
0.419354839
0.419354839
0.419354839
0.419354839
0.419354839
0.419354839
0.419354839
0.419354839
0.419354839
0.419354839
0.419354839
0.419354839
0.419354839
0.419354839
0.419354839
0.419354839
0.419354839
0.419354839
0.419354839
0.419354839
0.419354839
0.419354839
0.419354839
0.419354839
0.419354839
0.419354839
0.419354839
0.419354839
0.419354839
0.387096774
0.387096774
0.387096774
0.387096774
0.387096774
0.387096774
0.387096774
0.387096774
0.387096774
0.387096774
0.387096774
0.387096774
0.387096774
0.387096774
0.387096774
0.387096774
0.387096774
0.387096774
0.387096774
0.387096774
0.387096774
0.387096774
0.387096774
0.387096774
0.387096774
0.387096774
0.387096774
0.387096774
0.387096774
0.387096774
0.35483871
0.35483871
0.35483871
0.35483871
0.35483871
0.35483871
0.35483871
0.35483871
0.35483871
0.35483871
0.35483871
0.35483871
0.35483871
0.35483871
0.35483871
0.35483871
0.35483871
0.35483871
0.35483871
0.35483871
0.35483871
0.35483871
0.35483871
0.35483871
0.35483871
0.35483871
0.35483871
0.35483871
0.35483871
0.322580645
0.322580645
0.322580645
0.322580645
0.322580645
0.322580645
0.322580645
0.322580645
0.322580645
0.322580645
0.322580645
0.322580645
0.322580645
0.322580645
0.322580645
0.322580645
0.322580645
0.322580645
0.322580645
0.322580645
0.322580645
0.322580645
0.290322581
0.290322581
0.290322581
0.290322581
0.290322581
0.290322581
0.290322581
0.290322581
0.290322581
0.290322581
0.290322581
0.290322581
0.290322581
0.290322581
0.290322581
0.290322581
0.290322581
0.290322581
0.290322581
0.290322581
0.290322581
0.290322581
0.290322581
0.290322581
0.290322581
0.290322581
0.290322581
0.290322581
0.290322581
0.290322581
0.290322581
0.290322581
0.290322581
0.290322581
0.290322581
0.290322581
0.258064516
0.258064516
0.258064516
0.258064516
0.258064516
0.258064516
0.258064516
0.258064516
0.258064516
0.258064516
0.258064516
0.258064516
0.258064516
0.258064516
0.258064516
0.258064516
0.258064516
0.258064516
0.258064516
0.258064516
0.258064516
0.258064516
0.258064516
0.258064516
0.258064516
0.258064516
0.258064516
0.258064516
0.258064516
0.258064516
0.258064516
0.258064516
0.258064516
0.258064516
0.225806452
0.225806452
0.225806452
0.225806452
0.225806452
0.225806452
0.225806452
0.225806452
0.225806452
0.225806452
0.225806452
0.225806452
0.225806452
0.225806452
0.225806452
0.225806452
0.225806452
0.225806452
0.225806452
0.225806452
0.225806452
0.225806452
0.225806452
0.225806452
0.225806452
0.225806452
0.225806452
0.225806452
0.225806452
0.225806452
0.225806452
0.225806452
0.193548387
0.193548387
0.193548387
0.193548387
0.193548387
0.193548387
0.193548387
0.193548387
0.193548387
0.193548387
0.193548387
0.193548387
0.193548387
0.193548387
0.193548387
0.193548387
0.193548387
0.193548387
0.193548387
0.193548387
0.193548387
0.193548387
0.193548387
0.193548387
0.193548387
0.193548387
0.193548387
0.193548387
0.193548387
0.193548387
0.193548387
0.193548387
0.193548387
0.193548387
0.193548387
0.193548387
0.193548387
0.193548387
0.193548387
0.193548387
0.193548387
0.193548387
0.193548387
0.193548387
0.193548387
0.193548387
0.193548387
0.193548387
0.193548387
0.193548387
0.193548387
0.193548387
0.193548387
0.161290323
0.161290323
0.161290323
0.161290323
0.161290323
0.161290323
0.161290323
0.161290323
0.161290323
0.161290323
0.161290323
0.161290323
0.161290323
0.161290323
0.161290323
0.161290323
0.161290323
0.161290323
0.161290323
0.161290323
0.161290323
0.161290323
0.161290323
0.161290323
0.161290323
0.161290323
0.161290323
0.161290323
0.161290323
0.161290323
0.161290323
0.161290323
0.161290323
0.161290323
0.161290323
0.161290323
0.161290323
0.161290323
0.161290323
0.161290323
0.161290323
0.161290323
0.129032258
0.129032258
0.129032258
0.129032258
0.129032258
0.129032258
0.129032258
0.129032258
0.129032258
0.129032258
0.129032258
0.129032258
0.129032258
0.129032258
0.129032258
0.129032258
0.129032258
0.129032258
0.129032258
0.129032258
0.129032258
0.129032258
0.129032258
0.129032258
0.129032258
0.129032258
0.129032258
0.129032258
0.129032258
0.129032258
0.129032258
0.129032258
0.129032258
0.129032258
0.129032258
0.129032258
0.129032258
0.129032258
0.129032258
0.129032258
0.129032258
0.129032258
0.129032258
0.129032258
0.129032258
0.129032258
0.129032258
0.129032258
0.129032258
0.129032258
0.129032258
0.129032258
0.129032258
0.129032258
0.129032258
0.129032258
0.129032258
0.129032258
0.129032258
0.129032258
0.129032258
0.129032258
0.129032258
0.129032258
0.129032258
0.129032258
0.129032258
0.096774194
0.096774194
0.096774194
0.096774194
0.096774194
0.096774194
0.096774194
0.096774194
0.096774194
0.096774194
0.096774194
0.096774194
0.096774194
0.096774194
0.096774194
0.096774194
0.096774194
0.096774194
0.096774194
0.096774194
0.096774194
0.096774194
0.096774194
0.096774194
0.096774194
0.096774194
0.096774194
0.096774194
0.096774194
0.096774194
0.096774194
0.096774194
0.096774194
0.096774194
0.096774194
0.096774194
0.096774194
0.096774194
0.096774194
0.096774194
0.096774194
0.096774194
0.096774194
0.096774194
0.096774194
0.096774194
0.096774194
0.096774194
0.096774194
0.096774194
0.096774194
0.096774194
0.096774194
0.096774194
0.096774194
0.096774194
0.096774194
0.096774194
0.096774194
0.096774194
0.096774194
0.096774194
0.096774194
0.096774194
0.064516129
0.064516129
0.064516129
0.064516129
0.064516129
0.064516129
0.064516129
0.064516129
0.064516129
0.064516129
0.064516129
0.064516129
0.064516129
0.064516129
0.064516129
0.064516129
0.064516129
0.064516129
0.064516129
0.064516129
0.064516129
0.064516129
0.064516129
0.064516129
0.064516129
0.064516129
0.064516129
0.064516129
0.064516129
0.064516129
0.064516129
0.064516129
0.064516129
0.064516129
0.064516129
0.064516129
0.064516129
0.064516129
0.064516129
0.064516129
0.064516129
0.064516129
0.064516129
0.064516129
0.064516129
0.064516129
0.064516129
0.064516129
0.064516129
0.064516129
0.064516129
0.064516129
0.064516129
0.064516129
0.064516129
0.064516129
0.064516129
0.064516129
0.064516129
0.064516129
0.064516129
0.064516129
0.064516129
0.064516129
0.064516129
0.064516129
0.064516129
0.064516129
0.064516129
0.064516129
0.064516129
0.064516129
0.064516129
0.064516129
0.064516129
0.064516129
0.064516129
0.064516129
0.064516129
0.064516129
0.064516129
0.064516129
0.064516129
0.064516129
0.064516129
0.064516129
0.064516129
0.064516129
0.064516129
0.064516129
0.064516129
0.064516129
0.064516129
0.064516129
0.064516129
0.064516129
0.064516129
0.064516129
0.064516129
0.064516129
0.064516129
0.064516129
0.064516129
0.064516129
0.032258065
0.032258065
0.032258065
0.032258065
0.032258065
0.032258065
0.032258065
0.032258065
0.032258065
0.032258065
0.032258065
0.032258065
0.032258065
0.032258065
0.032258065
0.032258065
0.032258065
0.032258065
0.032258065
0.032258065
0.032258065
0.032258065
0.032258065
0.032258065
0.032258065
0.032258065
0.032258065
0.032258065
0.032258065
0.032258065
0.032258065
0.032258065
0.032258065
0.032258065
0.032258065
0.032258065
0.032258065
0.032258065
0.032258065
0.032258065
0.032258065
0.032258065
0.032258065
0.032258065
0.032258065
0.032258065
0.032258065
0.032258065
0.032258065
0.032258065
0.032258065
0.032258065
0.032258065
0.032258065
0.032258065
0.032258065
0.032258065
0.032258065
0.032258065
0.032258065
0.032258065
0.032258065
0.032258065
0.032258065
0.032258065
0.032258065
0.032258065
0.032258065
0.032258065
0.032258065
0.032258065
0.032258065
0.032258065
0.032258065
0.032258065
0.032258065
0.032258065
0.032258065
0.032258065
0.032258065
0.032258065
0.032258065
0.032258065
0.032258065
0.032258065
0.032258065
0.032258065
0.032258065
0.032258065
0.032258065
0.032258065
0.032258065
0.032258065
0.032258065
0.032258065
0.032258065
0.032258065
0.032258065
0.032258065
0.032258065
0.032258065
0.032258065
0.032258065
0.032258065
0.032258065
0.032258065
0.032258065
0.032258065
0.032258065
0.032258065
0.032258065
0.032258065
0.032258065
0.032258065
0.032258065
0.032258065
0.032258065
0.032258065
0.032258065
0.032258065
0.032258065
0.032258065
0.032258065
0.032258065
0.032258065
0.032258065
0.032258065
0.032258065
0.032258065
0.032258065
0.032258065
0.032258065
0.032258065
0.032258065
0.032258065
0.032258065
0.032258065
0.032258065
0.032258065
0.032258065
0.032258065
0.032258065
0.032258065
0.032258065
0.032258065
0.032258065
0.032258065
0.032258065
0.032258065
0.032258065
0.032258065
0.032258065
0.032258065
0.032258065
0.032258065
0.032258065
0.032258065
0.032258065
0.032258065
0.032258065
0.032258065
0.032258065
0.032258065
0.032258065
0.032258065
0.032258065
0.032258065
0.032258065
0.032258065
0.032258065
0.032258065
0.032258065
0.032258065
0.032258065
0.032258065
0.032258065
0.032258065
0.032258065
0.032258065
0.032258065
0.032258065
0.032258065
0.032258065
0.032258065
0.032258065
0.032258065
0.032258065
0.032258065
0.032258065
0.032258065
0.032258065
0.032258065
0.032258065
0.032258065
0.032258065
0.032258065
0.032258065
0.032258065
0.032258065
0.032258065
0.032258065
0.032258065
0.032258065
0.032258065
0.032258065
0.032258065
0.032258065
0.032258065
0.032258065
0.032258065
0.032258065
0.032258065
0.032258065
0.032258065
0.032258065
0.032258065
0.032258065
0.032258065
0.032258065
0.032258065
0.032258065
0.032258065
0.032258065
0.032258065
0.032258065
0.032258065
0.032258065
0.032258065
0.032258065
0.032258065
0.032258065
0.032258065
0.032258065
0.032258065
0.032258065
0.032258065
0.032258065
0.032258065
0.032258065
0.032258065
