10.51389
15.25925
14.57177
10.28420
10.80653
12.29515
13.01283
9.946381
9.631006
18.88906
15.79786
15.21324
15.08397
10.09769
13.56519
9.923107
17.58367
11.69883
7.095517
10.41979
8.034967
5.505109
11.55482
9.602624
3.479868
10.24865
8.858732
10.06346
12.63174
3.534122
5.655648
7.572537
5.873547
10.78819
6.168658
8.726214
13.46336
12.37098
6.029313
9.404623
8.21894
7.936806
6.50873
11.67326
9.465097
3.675626
5.873212
7.370255
9.040158
8.96393
8.277607
6.622266
8.379644
11.09554
1.197524
6.78674
10.99341
9.678895
8.09795
11.33125
13.09999
9.072926
9.79392
5.173712
11.02482
6.86731
7.919847
11.59890
5.783542
14.53267
13.60841
11.85372
8.432732
14.09891
12.77796
10.83266
11.69202
8.877103
12.37778
9.774526
10.01539
17.98437
14.34123
10.50512
11.92571
12.48271
8.99654
17.00603
15.30242
16.17453
12.13229
13.49297
15.1794
14.33724
13.2043
12.80058
15.49685
17.79089
10.22827
16.87336
11.89600
5.481774
6.939023
7.252865
10.72086
11.36465
7.514228
11.90395
13.31091
5.033954
6.868163
10.17268
6.958485
7.79441
4.333108
8.33968
6.532301
1.899584
9.555666
4.959119
18.20428
14.48611
15.32403
11.09084
10.08162
16.74934
16.31314
12.83064
11.08367
12.33696
14.65890
14.55049
8.992104
11.68337
14.49105
8.81145
12.15405
13.32243
15.57783
15.58604
15.73730
7.769114
8.46306
12.77390
11.60786
14.98253
9.213606
9.198075
10.70671
14.07383
12.77323
12.99807
12.95318
4.553908
7.92734
10.56871
12.99293
9.884699
7.10075
8.441644
