deathtime	status	id	plotc	SOWNDIV	FUNCGR	GRASS	LEG	SHERB	THERB	GLST
1.5	0	1	B1A01	16	4	1	1	1	1	GLST
1.5	0	2	B1A01	16	4	1	1	1	1	GLST
11.5	0	3	B1A01	16	4	1	1	1	1	GLST
11.5	0	4	B1A01	16	4	1	1	1	1	GLST
11.5	0	5	B1A01	16	4	1	1	1	1	GLST
11.5	0	6	B1A01	16	4	1	1	1	1	GLST
11.5	0	7	B1A01	16	4	1	1	1	1	GLST
11.5	0	8	B1A01	16	4	1	1	1	1	GLST
11.5	0	9	B1A01	16	4	1	1	1	1	GLST
11.5	0	10	B1A01	16	4	1	1	1	1	GLST
11.5	0	11	B1A01	16	4	1	1	1	1	GLST
11.5	0	12	B1A01	16	4	1	1	1	1	GLST
18	0	13	B1A01	16	4	1	1	1	1	GLST
18	0	14	B1A01	16	4	1	1	1	1	GLST
18	0	15	B1A01	16	4	1	1	1	1	GLST
22.5	0	16	B1A01	16	4	1	1	1	1	GLST
22.5	0	17	B1A01	16	4	1	1	1	1	GLST
27	0	18	B1A01	16	4	1	1	1	1	GLST
29.5	0	19	B1A01	16	4	1	1	1	1	GLST
47	0	20	B1A01	16	4	1	1	1	1	GLST
1.5	0	1	B1A02	8	2	1	0	0	1	GT
1.5	0	2	B1A02	8	2	1	0	0	1	GT
1.5	0	3	B1A02	8	2	1	0	0	1	GT
6.5	0	4	B1A02	8	2	1	0	0	1	GT
6.5	0	5	B1A02	8	2	1	0	0	1	GT
18	0	6	B1A02	8	2	1	0	0	1	GT
18	0	7	B1A02	8	2	1	0	0	1	GT
18	0	8	B1A02	8	2	1	0	0	1	GT
18	0	9	B1A02	8	2	1	0	0	1	GT
18	0	10	B1A02	8	2	1	0	0	1	GT
18	0	11	B1A02	8	2	1	0	0	1	GT
18	0	12	B1A02	8	2	1	0	0	1	GT
18	0	13	B1A02	8	2	1	0	0	1	GT
18	0	14	B1A02	8	2	1	0	0	1	GT
29.5	0	15	B1A02	8	2	1	0	0	1	GT
50	1	16	B1A02	8	2	1	0	0	1	GT
50	1	17	B1A02	8	2	1	0	0	1	GT
50	1	18	B1A02	8	2	1	0	0	1	GT
50	1	19	B1A02	8	2	1	0	0	1	GT
50	1	20	B1A02	8	2	1	0	0	1	GT
1.5	0	1	B1A03	8	3	1	1	1	0	GLS
1.5	0	2	B1A03	8	3	1	1	1	0	GLS
1.5	0	3	B1A03	8	3	1	1	1	0	GLS
1.5	0	4	B1A03	8	3	1	1	1	0	GLS
1.5	0	5	B1A03	8	3	1	1	1	0	GLS
6.5	0	6	B1A03	8	3	1	1	1	0	GLS
6.5	0	7	B1A03	8	3	1	1	1	0	GLS
6.5	0	8	B1A03	8	3	1	1	1	0	GLS
6.5	0	9	B1A03	8	3	1	1	1	0	GLS
11.5	0	10	B1A03	8	3	1	1	1	0	GLS
11.5	0	11	B1A03	8	3	1	1	1	0	GLS
18	0	12	B1A03	8	3	1	1	1	0	GLS
18	0	13	B1A03	8	3	1	1	1	0	GLS
18	0	14	B1A03	8	3	1	1	1	0	GLS
25	0	15	B1A03	8	3	1	1	1	0	GLS
33	0	16	B1A03	8	3	1	1	1	0	GLS
37	0	17	B1A03	8	3	1	1	1	0	GLS
50	1	18	B1A03	8	3	1	1	1	0	GLS
50	1	19	B1A03	8	3	1	1	1	0	GLS
50	1	20	B1A03	8	3	1	1	1	0	GLS
1.5	0	1	B1A04	4	4	1	1	1	1	GLST
4	0	2	B1A04	4	4	1	1	1	1	GLST
4	0	3	B1A04	4	4	1	1	1	1	GLST
4	0	4	B1A04	4	4	1	1	1	1	GLST
4	0	5	B1A04	4	4	1	1	1	1	GLST
4	0	6	B1A04	4	4	1	1	1	1	GLST
11.5	0	7	B1A04	4	4	1	1	1	1	GLST
11.5	0	8	B1A04	4	4	1	1	1	1	GLST
18	0	9	B1A04	4	4	1	1	1	1	GLST
18	0	10	B1A04	4	4	1	1	1	1	GLST
18	0	11	B1A04	4	4	1	1	1	1	GLST
22.5	0	12	B1A04	4	4	1	1	1	1	GLST
25	0	13	B1A04	4	4	1	1	1	1	GLST
27	0	14	B1A04	4	4	1	1	1	1	GLST
33	0	15	B1A04	4	4	1	1	1	1	GLST
37	0	16	B1A04	4	4	1	1	1	1	GLST
41.5	0	17	B1A04	4	4	1	1	1	1	GLST
50	1	18	B1A04	4	4	1	1	1	1	GLST
50	1	19	B1A04	4	4	1	1	1	1	GLST
1.5	0	1	B1A05	2	1	0	1	0	0	L
1.5	0	2	B1A05	2	1	0	1	0	0	L
1.5	0	3	B1A05	2	1	0	1	0	0	L
1.5	0	4	B1A05	2	1	0	1	0	0	L
1.5	0	5	B1A05	2	1	0	1	0	0	L
1.5	0	6	B1A05	2	1	0	1	0	0	L
6.5	0	7	B1A05	2	1	0	1	0	0	L
11.5	0	8	B1A05	2	1	0	1	0	0	L
11.5	0	9	B1A05	2	1	0	1	0	0	L
11.5	0	10	B1A05	2	1	0	1	0	0	L
18	0	11	B1A05	2	1	0	1	0	0	L
18	0	12	B1A05	2	1	0	1	0	0	L
18	0	13	B1A05	2	1	0	1	0	0	L
18	0	14	B1A05	2	1	0	1	0	0	L
18	0	15	B1A05	2	1	0	1	0	0	L
18	0	16	B1A05	2	1	0	1	0	0	L
18	0	17	B1A05	2	1	0	1	0	0	L
29.5	0	18	B1A05	2	1	0	1	0	0	L
29.5	0	19	B1A05	2	1	0	1	0	0	L
1.5	0	1	B1A06	16	2	1	0	0	1	GT
1.5	0	2	B1A06	16	2	1	0	0	1	GT
1.5	0	3	B1A06	16	2	1	0	0	1	GT
1.5	0	4	B1A06	16	2	1	0	0	1	GT
6.5	0	5	B1A06	16	2	1	0	0	1	GT
6.5	0	6	B1A06	16	2	1	0	0	1	GT
6.5	0	7	B1A06	16	2	1	0	0	1	GT
6.5	0	8	B1A06	16	2	1	0	0	1	GT
11.5	0	9	B1A06	16	2	1	0	0	1	GT
11.5	0	10	B1A06	16	2	1	0	0	1	GT
11.5	0	11	B1A06	16	2	1	0	0	1	GT
11.5	0	12	B1A06	16	2	1	0	0	1	GT
11.5	0	13	B1A06	16	2	1	0	0	1	GT
11.5	0	14	B1A06	16	2	1	0	0	1	GT
11.5	0	15	B1A06	16	2	1	0	0	1	GT
18	0	16	B1A06	16	2	1	0	0	1	GT
18	0	17	B1A06	16	2	1	0	0	1	GT
18	0	18	B1A06	16	2	1	0	0	1	GT
18	0	19	B1A06	16	2	1	0	0	1	GT
25	0	20	B1A06	16	2	1	0	0	1	GT
1.5	0	1	B1A07	2	1	0	0	0	1	T
1.5	0	2	B1A07	2	1	0	0	0	1	T
1.5	0	3	B1A07	2	1	0	0	0	1	T
1.5	0	4	B1A07	2	1	0	0	0	1	T
1.5	0	5	B1A07	2	1	0	0	0	1	T
4	0	6	B1A07	2	1	0	0	0	1	T
4	0	7	B1A07	2	1	0	0	0	1	T
4	0	8	B1A07	2	1	0	0	0	1	T
4	0	9	B1A07	2	1	0	0	0	1	T
4	0	10	B1A07	2	1	0	0	0	1	T
6.5	0	11	B1A07	2	1	0	0	0	1	T
6.5	0	12	B1A07	2	1	0	0	0	1	T
6.5	0	13	B1A07	2	1	0	0	0	1	T
11.5	0	14	B1A07	2	1	0	0	0	1	T
11.5	0	15	B1A07	2	1	0	0	0	1	T
11.5	0	16	B1A07	2	1	0	0	0	1	T
11.5	0	17	B1A07	2	1	0	0	0	1	T
18	0	18	B1A07	2	1	0	0	0	1	T
18	0	19	B1A07	2	1	0	0	0	1	T
22.5	0	20	B1A07	2	1	0	0	0	1	T
47	0	21	B1A07	2	1	0	0	0	1	T
1.5	0	1	B1A08	1	1	0	1	0	0	L
1.5	0	2	B1A08	1	1	0	1	0	0	L
1.5	0	3	B1A08	1	1	0	1	0	0	L
1.5	0	4	B1A08	1	1	0	1	0	0	L
1.5	0	5	B1A08	1	1	0	1	0	0	L
1.5	0	6	B1A08	1	1	0	1	0	0	L
1.5	0	7	B1A08	1	1	0	1	0	0	L
1.5	0	8	B1A08	1	1	0	1	0	0	L
1.5	0	9	B1A08	1	1	0	1	0	0	L
1.5	0	10	B1A08	1	1	0	1	0	0	L
4	0	11	B1A08	1	1	0	1	0	0	L
4	0	12	B1A08	1	1	0	1	0	0	L
4	0	13	B1A08	1	1	0	1	0	0	L
4	0	14	B1A08	1	1	0	1	0	0	L
6.5	0	15	B1A08	1	1	0	1	0	0	L
6.5	0	16	B1A08	1	1	0	1	0	0	L
11.5	0	17	B1A08	1	1	0	1	0	0	L
11.5	0	18	B1A08	1	1	0	1	0	0	L
11.5	0	19	B1A08	1	1	0	1	0	0	L
11.5	0	20	B1A08	1	1	0	1	0	0	L
1.5	0	1	B1A09	1	1	1	0	0	0	G
1.5	0	2	B1A09	1	1	1	0	0	0	G
1.5	0	3	B1A09	1	1	1	0	0	0	G
1.5	0	4	B1A09	1	1	1	0	0	0	G
1.5	0	5	B1A09	1	1	1	0	0	0	G
1.5	0	6	B1A09	1	1	1	0	0	0	G
4	0	7	B1A09	1	1	1	0	0	0	G
4	0	8	B1A09	1	1	1	0	0	0	G
4	0	9	B1A09	1	1	1	0	0	0	G
6.5	0	10	B1A09	1	1	1	0	0	0	G
6.5	0	11	B1A09	1	1	1	0	0	0	G
6.5	0	12	B1A09	1	1	1	0	0	0	G
18	0	13	B1A09	1	1	1	0	0	0	G
18	0	14	B1A09	1	1	1	0	0	0	G
33	0	15	B1A09	1	1	1	0	0	0	G
37	0	16	B1A09	1	1	1	0	0	0	G
41.5	0	17	B1A09	1	1	1	0	0	0	G
50	1	18	B1A09	1	1	1	0	0	0	G
1.5	0	1	B1A11	16	1	0	0	0	1	T
1.5	0	2	B1A11	16	1	0	0	0	1	T
1.5	0	3	B1A11	16	1	0	0	0	1	T
1.5	0	4	B1A11	16	1	0	0	0	1	T
1.5	0	5	B1A11	16	1	0	0	0	1	T
1.5	0	6	B1A11	16	1	0	0	0	1	T
1.5	0	7	B1A11	16	1	0	0	0	1	T
4	0	8	B1A11	16	1	0	0	0	1	T
4	0	9	B1A11	16	1	0	0	0	1	T
4	0	10	B1A11	16	1	0	0	0	1	T
4	0	11	B1A11	16	1	0	0	0	1	T
6.5	0	12	B1A11	16	1	0	0	0	1	T
6.5	0	13	B1A11	16	1	0	0	0	1	T
6.5	0	14	B1A11	16	1	0	0	0	1	T
6.5	0	15	B1A11	16	1	0	0	0	1	T
11.5	0	16	B1A11	16	1	0	0	0	1	T
18	0	17	B1A11	16	1	0	0	0	1	T
18	0	18	B1A11	16	1	0	0	0	1	T
27	0	19	B1A11	16	1	0	0	0	1	T
1.5	0	1	B1A12	8	1	0	1	0	0	L
1.5	0	2	B1A12	8	1	0	1	0	0	L
1.5	0	3	B1A12	8	1	0	1	0	0	L
1.5	0	4	B1A12	8	1	0	1	0	0	L
4	0	5	B1A12	8	1	0	1	0	0	L
4	0	6	B1A12	8	1	0	1	0	0	L
4	0	7	B1A12	8	1	0	1	0	0	L
4	0	8	B1A12	8	1	0	1	0	0	L
4	0	9	B1A12	8	1	0	1	0	0	L
4	0	10	B1A12	8	1	0	1	0	0	L
4	0	11	B1A12	8	1	0	1	0	0	L
4	0	12	B1A12	8	1	0	1	0	0	L
4	0	13	B1A12	8	1	0	1	0	0	L
11.5	0	14	B1A12	8	1	0	1	0	0	L
11.5	0	15	B1A12	8	1	0	1	0	0	L
11.5	0	16	B1A12	8	1	0	1	0	0	L
11.5	0	17	B1A12	8	1	0	1	0	0	L
11.5	0	18	B1A12	8	1	0	1	0	0	L
18	0	19	B1A12	8	1	0	1	0	0	L
25	0	20	B1A12	8	1	0	1	0	0	L
27	0	21	B1A12	8	1	0	1	0	0	L
33	0	22	B1A12	8	1	0	1	0	0	L
1.5	0	1	B1A13	4	1	0	1	0	0	L
1.5	0	2	B1A13	4	1	0	1	0	0	L
1.5	0	3	B1A13	4	1	0	1	0	0	L
1.5	0	4	B1A13	4	1	0	1	0	0	L
1.5	0	5	B1A13	4	1	0	1	0	0	L
1.5	0	6	B1A13	4	1	0	1	0	0	L
4	0	7	B1A13	4	1	0	1	0	0	L
4	0	8	B1A13	4	1	0	1	0	0	L
4	0	9	B1A13	4	1	0	1	0	0	L
4	0	10	B1A13	4	1	0	1	0	0	L
11.5	0	11	B1A13	4	1	0	1	0	0	L
11.5	0	12	B1A13	4	1	0	1	0	0	L
18	0	13	B1A13	4	1	0	1	0	0	L
18	0	14	B1A13	4	1	0	1	0	0	L
18	0	15	B1A13	4	1	0	1	0	0	L
25	0	16	B1A13	4	1	0	1	0	0	L
27	0	17	B1A13	4	1	0	1	0	0	L
33	0	18	B1A13	4	1	0	1	0	0	L
33	0	19	B1A13	4	1	0	1	0	0	L
1.5	0	1	B1A14	8	4	1	1	1	1	GLST
1.5	0	2	B1A14	8	4	1	1	1	1	GLST
1.5	0	3	B1A14	8	4	1	1	1	1	GLST
1.5	0	4	B1A14	8	4	1	1	1	1	GLST
1.5	0	5	B1A14	8	4	1	1	1	1	GLST
1.5	0	6	B1A14	8	4	1	1	1	1	GLST
11.5	0	7	B1A14	8	4	1	1	1	1	GLST
11.5	0	8	B1A14	8	4	1	1	1	1	GLST
11.5	0	9	B1A14	8	4	1	1	1	1	GLST
11.5	0	10	B1A14	8	4	1	1	1	1	GLST
18	0	11	B1A14	8	4	1	1	1	1	GLST
18	0	12	B1A14	8	4	1	1	1	1	GLST
22.5	0	13	B1A14	8	4	1	1	1	1	GLST
25	0	14	B1A14	8	4	1	1	1	1	GLST
37	0	15	B1A14	8	4	1	1	1	1	GLST
37	0	16	B1A14	8	4	1	1	1	1	GLST
50	1	17	B1A14	8	4	1	1	1	1	GLST
50	1	18	B1A14	8	4	1	1	1	1	GLST
50	1	19	B1A14	8	4	1	1	1	1	GLST
50	1	20	B1A14	8	4	1	1	1	1	GLST
50	1	21	B1A14	8	4	1	1	1	1	GLST
1.5	0	1	B1A15	1	1	0	0	0	1	T
1.5	0	2	B1A15	1	1	0	0	0	1	T
1.5	0	3	B1A15	1	1	0	0	0	1	T
1.5	0	4	B1A15	1	1	0	0	0	1	T
4	0	5	B1A15	1	1	0	0	0	1	T
4	0	6	B1A15	1	1	0	0	0	1	T
4	0	7	B1A15	1	1	0	0	0	1	T
4	0	8	B1A15	1	1	0	0	0	1	T
4	0	9	B1A15	1	1	0	0	0	1	T
4	0	10	B1A15	1	1	0	0	0	1	T
4	0	11	B1A15	1	1	0	0	0	1	T
4	0	12	B1A15	1	1	0	0	0	1	T
4	0	13	B1A15	1	1	0	0	0	1	T
4	0	14	B1A15	1	1	0	0	0	1	T
4	0	15	B1A15	1	1	0	0	0	1	T
4	0	16	B1A15	1	1	0	0	0	1	T
4	0	17	B1A15	1	1	0	0	0	1	T
6.5	0	18	B1A15	1	1	0	0	0	1	T
18	0	19	B1A15	1	1	0	0	0	1	T
27	0	20	B1A15	1	1	0	0	0	1	T
1.5	0	1	B1A16	2	2	1	0	1	0	GS
1.5	0	2	B1A16	2	2	1	0	1	0	GS
1.5	0	3	B1A16	2	2	1	0	1	0	GS
1.5	0	4	B1A16	2	2	1	0	1	0	GS
11.5	0	5	B1A16	2	2	1	0	1	0	GS
11.5	0	6	B1A16	2	2	1	0	1	0	GS
11.5	0	7	B1A16	2	2	1	0	1	0	GS
11.5	0	8	B1A16	2	2	1	0	1	0	GS
18	0	9	B1A16	2	2	1	0	1	0	GS
18	0	10	B1A16	2	2	1	0	1	0	GS
18	0	11	B1A16	2	2	1	0	1	0	GS
27	0	12	B1A16	2	2	1	0	1	0	GS
37	0	13	B1A16	2	2	1	0	1	0	GS
37	0	14	B1A16	2	2	1	0	1	0	GS
37	0	15	B1A16	2	2	1	0	1	0	GS
50	1	16	B1A16	2	2	1	0	1	0	GS
50	1	17	B1A16	2	2	1	0	1	0	GS
50	1	18	B1A16	2	2	1	0	1	0	GS
50	1	19	B1A16	2	2	1	0	1	0	GS
50	1	20	B1A16	2	2	1	0	1	0	GS
50	1	21	B1A16	2	2	1	0	1	0	GS
1.5	0	1	B1A17	2	2	1	0	0	1	GT
1.5	0	2	B1A17	2	2	1	0	0	1	GT
1.5	0	3	B1A17	2	2	1	0	0	1	GT
1.5	0	4	B1A17	2	2	1	0	0	1	GT
11.5	0	5	B1A17	2	2	1	0	0	1	GT
18	0	6	B1A17	2	2	1	0	0	1	GT
18	0	7	B1A17	2	2	1	0	0	1	GT
18	0	8	B1A17	2	2	1	0	0	1	GT
18	0	9	B1A17	2	2	1	0	0	1	GT
29.5	0	10	B1A17	2	2	1	0	0	1	GT
29.5	0	11	B1A17	2	2	1	0	0	1	GT
29.5	0	12	B1A17	2	2	1	0	0	1	GT
29.5	0	13	B1A17	2	2	1	0	0	1	GT
29.5	0	14	B1A17	2	2	1	0	0	1	GT
33	0	15	B1A17	2	2	1	0	0	1	GT
37	0	16	B1A17	2	2	1	0	0	1	GT
50	1	17	B1A17	2	2	1	0	0	1	GT
50	1	18	B1A17	2	2	1	0	0	1	GT
50	1	19	B1A17	2	2	1	0	0	1	GT
50	1	20	B1A17	2	2	1	0	0	1	GT
50	1	21	B1A17	2	2	1	0	0	1	GT
1.5	0	1	B1A18	1	1	0	0	1	0	S
1.5	0	2	B1A18	1	1	0	0	1	0	S
1.5	0	3	B1A18	1	1	0	0	1	0	S
4	0	4	B1A18	1	1	0	0	1	0	S
4	0	5	B1A18	1	1	0	0	1	0	S
4	0	6	B1A18	1	1	0	0	1	0	S
4	0	7	B1A18	1	1	0	0	1	0	S
4	0	8	B1A18	1	1	0	0	1	0	S
4	0	9	B1A18	1	1	0	0	1	0	S
4	0	10	B1A18	1	1	0	0	1	0	S
4	0	11	B1A18	1	1	0	0	1	0	S
4	0	12	B1A18	1	1	0	0	1	0	S
4	0	13	B1A18	1	1	0	0	1	0	S
4	0	14	B1A18	1	1	0	0	1	0	S
4	0	15	B1A18	1	1	0	0	1	0	S
4	0	16	B1A18	1	1	0	0	1	0	S
27	0	17	B1A18	1	1	0	0	1	0	S
27	0	18	B1A18	1	1	0	0	1	0	S
27	0	19	B1A18	1	1	0	0	1	0	S
41.5	0	20	B1A18	1	1	0	0	1	0	S
1.5	0	1	B1A19	4	3	1	0	1	1	GST
1.5	0	2	B1A19	4	3	1	0	1	1	GST
1.5	0	3	B1A19	4	3	1	0	1	1	GST
1.5	0	4	B1A19	4	3	1	0	1	1	GST
11.5	0	5	B1A19	4	3	1	0	1	1	GST
11.5	0	6	B1A19	4	3	1	0	1	1	GST
11.5	0	7	B1A19	4	3	1	0	1	1	GST
11.5	0	8	B1A19	4	3	1	0	1	1	GST
11.5	0	9	B1A19	4	3	1	0	1	1	GST
18	0	10	B1A19	4	3	1	0	1	1	GST
18	0	11	B1A19	4	3	1	0	1	1	GST
18	0	12	B1A19	4	3	1	0	1	1	GST
25	0	13	B1A19	4	3	1	0	1	1	GST
33	0	14	B1A19	4	3	1	0	1	1	GST
47	0	15	B1A19	4	3	1	0	1	1	GST
50	1	16	B1A19	4	3	1	0	1	1	GST
50	1	17	B1A19	4	3	1	0	1	1	GST
50	1	18	B1A19	4	3	1	0	1	1	GST
1.5	0	1	B1A20	16	3	0	1	1	1	LST
1.5	0	2	B1A20	16	3	0	1	1	1	LST
1.5	0	3	B1A20	16	3	0	1	1	1	LST
1.5	0	4	B1A20	16	3	0	1	1	1	LST
4	0	5	B1A20	16	3	0	1	1	1	LST
4	0	6	B1A20	16	3	0	1	1	1	LST
4	0	7	B1A20	16	3	0	1	1	1	LST
11.5	0	8	B1A20	16	3	0	1	1	1	LST
18	0	9	B1A20	16	3	0	1	1	1	LST
18	0	10	B1A20	16	3	0	1	1	1	LST
25	0	11	B1A20	16	3	0	1	1	1	LST
33	0	12	B1A20	16	3	0	1	1	1	LST
33	0	13	B1A20	16	3	0	1	1	1	LST
37	0	14	B1A20	16	3	0	1	1	1	LST
50	1	15	B1A20	16	3	0	1	1	1	LST
50	1	16	B1A20	16	3	0	1	1	1	LST
50	1	17	B1A20	16	3	0	1	1	1	LST
50	1	18	B1A20	16	3	0	1	1	1	LST
50	1	19	B1A20	16	3	0	1	1	1	LST
50	1	20	B1A20	16	3	0	1	1	1	LST
1.5	0	1	B1A21	4	2	1	0	0	1	GT
1.5	0	2	B1A21	4	2	1	0	0	1	GT
1.5	0	3	B1A21	4	2	1	0	0	1	GT
1.5	0	4	B1A21	4	2	1	0	0	1	GT
1.5	0	5	B1A21	4	2	1	0	0	1	GT
1.5	0	6	B1A21	4	2	1	0	0	1	GT
11.5	0	7	B1A21	4	2	1	0	0	1	GT
11.5	0	8	B1A21	4	2	1	0	0	1	GT
11.5	0	9	B1A21	4	2	1	0	0	1	GT
11.5	0	10	B1A21	4	2	1	0	0	1	GT
11.5	0	11	B1A21	4	2	1	0	0	1	GT
11.5	0	12	B1A21	4	2	1	0	0	1	GT
11.5	0	13	B1A21	4	2	1	0	0	1	GT
11.5	0	14	B1A21	4	2	1	0	0	1	GT
18	0	15	B1A21	4	2	1	0	0	1	GT
29.5	0	16	B1A21	4	2	1	0	0	1	GT
41.5	0	17	B1A21	4	2	1	0	0	1	GT
1.5	0	1	B1A22	60	4	1	1	1	1	GLST
1.5	0	2	B1A22	60	4	1	1	1	1	GLST
1.5	0	3	B1A22	60	4	1	1	1	1	GLST
1.5	0	4	B1A22	60	4	1	1	1	1	GLST
1.5	0	5	B1A22	60	4	1	1	1	1	GLST
1.5	0	6	B1A22	60	4	1	1	1	1	GLST
1.5	0	7	B1A22	60	4	1	1	1	1	GLST
6.5	0	8	B1A22	60	4	1	1	1	1	GLST
6.5	0	9	B1A22	60	4	1	1	1	1	GLST
18	0	10	B1A22	60	4	1	1	1	1	GLST
18	0	11	B1A22	60	4	1	1	1	1	GLST
18	0	12	B1A22	60	4	1	1	1	1	GLST
25	0	13	B1A22	60	4	1	1	1	1	GLST
25	0	14	B1A22	60	4	1	1	1	1	GLST
25	0	15	B1A22	60	4	1	1	1	1	GLST
33	0	16	B1A22	60	4	1	1	1	1	GLST
50	1	17	B1A22	60	4	1	1	1	1	GLST
50	1	18	B1A22	60	4	1	1	1	1	GLST
50	1	19	B1A22	60	4	1	1	1	1	GLST
50	1	20	B1A22	60	4	1	1	1	1	GLST
1	0	1	B2A01	4	4	1	1	1	1	GLST
1	0	2	B2A01	4	4	1	1	1	1	GLST
7.5	0	3	B2A01	4	4	1	1	1	1	GLST
7.5	0	4	B2A01	4	4	1	1	1	1	GLST
7.5	0	5	B2A01	4	4	1	1	1	1	GLST
7.5	0	6	B2A01	4	4	1	1	1	1	GLST
12.5	0	7	B2A01	4	4	1	1	1	1	GLST
12.5	0	8	B2A01	4	4	1	1	1	1	GLST
20.5	0	9	B2A01	4	4	1	1	1	1	GLST
20.5	0	10	B2A01	4	4	1	1	1	1	GLST
20.5	0	11	B2A01	4	4	1	1	1	1	GLST
25	0	12	B2A01	4	4	1	1	1	1	GLST
31	0	13	B2A01	4	4	1	1	1	1	GLST
31	0	14	B2A01	4	4	1	1	1	1	GLST
31	0	15	B2A01	4	4	1	1	1	1	GLST
31	0	16	B2A01	4	4	1	1	1	1	GLST
39.5	0	17	B2A01	4	4	1	1	1	1	GLST
49	1	18	B2A01	4	4	1	1	1	1	GLST
49	1	19	B2A01	4	4	1	1	1	1	GLST
49	1	20	B2A01	4	4	1	1	1	1	GLST
49	1	21	B2A01	4	4	1	1	1	1	GLST
1	0	1	B2A02	2	1	1	0	0	0	G
1	0	2	B2A02	2	1	1	0	0	0	G
7.5	0	3	B2A02	2	1	1	0	0	0	G
7.5	0	4	B2A02	2	1	1	0	0	0	G
7.5	0	5	B2A02	2	1	1	0	0	0	G
7.5	0	6	B2A02	2	1	1	0	0	0	G
7.5	0	7	B2A02	2	1	1	0	0	0	G
16.5	0	8	B2A02	2	1	1	0	0	0	G
20.5	0	9	B2A02	2	1	1	0	0	0	G
20.5	0	10	B2A02	2	1	1	0	0	0	G
20.5	0	11	B2A02	2	1	1	0	0	0	G
23	0	12	B2A02	2	1	1	0	0	0	G
23	0	13	B2A02	2	1	1	0	0	0	G
23	0	14	B2A02	2	1	1	0	0	0	G
31	0	15	B2A02	2	1	1	0	0	0	G
31	0	16	B2A02	2	1	1	0	0	0	G
39.5	0	17	B2A02	2	1	1	0	0	0	G
39.5	0	18	B2A02	2	1	1	0	0	0	G
49	1	19	B2A02	2	1	1	0	0	0	G
49	1	20	B2A02	2	1	1	0	0	0	G
49	1	21	B2A02	2	1	1	0	0	0	G
1	0	1	B2A03	60	4	1	1	1	1	GLST
1	0	2	B2A03	60	4	1	1	1	1	GLST
1	0	3	B2A03	60	4	1	1	1	1	GLST
1	0	4	B2A03	60	4	1	1	1	1	GLST
1	0	5	B2A03	60	4	1	1	1	1	GLST
7.5	0	6	B2A03	60	4	1	1	1	1	GLST
7.5	0	7	B2A03	60	4	1	1	1	1	GLST
7.5	0	8	B2A03	60	4	1	1	1	1	GLST
7.5	0	9	B2A03	60	4	1	1	1	1	GLST
7.5	0	10	B2A03	60	4	1	1	1	1	GLST
12.5	0	11	B2A03	60	4	1	1	1	1	GLST
12.5	0	12	B2A03	60	4	1	1	1	1	GLST
16.5	0	13	B2A03	60	4	1	1	1	1	GLST
20.5	0	14	B2A03	60	4	1	1	1	1	GLST
20.5	0	15	B2A03	60	4	1	1	1	1	GLST
20.5	0	16	B2A03	60	4	1	1	1	1	GLST
27.5	0	17	B2A03	60	4	1	1	1	1	GLST
31	0	18	B2A03	60	4	1	1	1	1	GLST
31	0	19	B2A03	60	4	1	1	1	1	GLST
49	1	20	B2A03	60	4	1	1	1	1	GLST
1	0	1	B2A04	1	1	0	0	0	1	T
1	0	2	B2A04	1	1	0	0	0	1	T
1	0	3	B2A04	1	1	0	0	0	1	T
1	0	4	B2A04	1	1	0	0	0	1	T
1	0	5	B2A04	1	1	0	0	0	1	T
1	0	6	B2A04	1	1	0	0	0	1	T
1	0	7	B2A04	1	1	0	0	0	1	T
1	0	8	B2A04	1	1	0	0	0	1	T
3	0	9	B2A04	1	1	0	0	0	1	T
3	0	10	B2A04	1	1	0	0	0	1	T
3	0	11	B2A04	1	1	0	0	0	1	T
3	0	12	B2A04	1	1	0	0	0	1	T
3	0	13	B2A04	1	1	0	0	0	1	T
7.5	0	14	B2A04	1	1	0	0	0	1	T
7.5	0	15	B2A04	1	1	0	0	0	1	T
12.5	0	16	B2A04	1	1	0	0	0	1	T
20.5	0	17	B2A04	1	1	0	0	0	1	T
20.5	0	18	B2A04	1	1	0	0	0	1	T
20.5	0	19	B2A04	1	1	0	0	0	1	T
1	0	1	B2A05	1	1	1	0	0	0	G
1	0	2	B2A05	1	1	1	0	0	0	G
1	0	3	B2A05	1	1	1	0	0	0	G
1	0	4	B2A05	1	1	1	0	0	0	G
20.5	0	5	B2A05	1	1	1	0	0	0	G
20.5	0	6	B2A05	1	1	1	0	0	0	G
20.5	0	7	B2A05	1	1	1	0	0	0	G
20.5	0	8	B2A05	1	1	1	0	0	0	G
27.5	0	9	B2A05	1	1	1	0	0	0	G
31	0	10	B2A05	1	1	1	0	0	0	G
31	0	11	B2A05	1	1	1	0	0	0	G
31	0	12	B2A05	1	1	1	0	0	0	G
31	0	13	B2A05	1	1	1	0	0	0	G
35	0	14	B2A05	1	1	1	0	0	0	G
35	0	15	B2A05	1	1	1	0	0	0	G
45.5	0	16	B2A05	1	1	1	0	0	0	G
45.5	0	17	B2A05	1	1	1	0	0	0	G
45.5	0	18	B2A05	1	1	1	0	0	0	G
49	1	19	B2A05	1	1	1	0	0	0	G
49	1	20	B2A05	1	1	1	0	0	0	G
1	0	1	B2A06	4	2	0	1	1	0	LS
1	0	2	B2A06	4	2	0	1	1	0	LS
1	0	3	B2A06	4	2	0	1	1	0	LS
1	0	4	B2A06	4	2	0	1	1	0	LS
1	0	5	B2A06	4	2	0	1	1	0	LS
1	0	6	B2A06	4	2	0	1	1	0	LS
1	0	7	B2A06	4	2	0	1	1	0	LS
1	0	8	B2A06	4	2	0	1	1	0	LS
1	0	9	B2A06	4	2	0	1	1	0	LS
1	0	10	B2A06	4	2	0	1	1	0	LS
7.5	0	11	B2A06	4	2	0	1	1	0	LS
7.5	0	12	B2A06	4	2	0	1	1	0	LS
7.5	0	13	B2A06	4	2	0	1	1	0	LS
7.5	0	14	B2A06	4	2	0	1	1	0	LS
7.5	0	15	B2A06	4	2	0	1	1	0	LS
7.5	0	16	B2A06	4	2	0	1	1	0	LS
7.5	0	17	B2A06	4	2	0	1	1	0	LS
12.5	0	18	B2A06	4	2	0	1	1	0	LS
16.5	0	19	B2A06	4	2	0	1	1	0	LS
16.5	0	20	B2A06	4	2	0	1	1	0	LS
1	0	1	B2A08	2	2	0	1	0	1	LT
1	0	2	B2A08	2	2	0	1	0	1	LT
1	0	3	B2A08	2	2	0	1	0	1	LT
1	0	4	B2A08	2	2	0	1	0	1	LT
1	0	5	B2A08	2	2	0	1	0	1	LT
1	0	6	B2A08	2	2	0	1	0	1	LT
1	0	7	B2A08	2	2	0	1	0	1	LT
3	0	8	B2A08	2	2	0	1	0	1	LT
3	0	9	B2A08	2	2	0	1	0	1	LT
3	0	10	B2A08	2	2	0	1	0	1	LT
3	0	11	B2A08	2	2	0	1	0	1	LT
7.5	0	12	B2A08	2	2	0	1	0	1	LT
7.5	0	13	B2A08	2	2	0	1	0	1	LT
7.5	0	14	B2A08	2	2	0	1	0	1	LT
7.5	0	15	B2A08	2	2	0	1	0	1	LT
7.5	0	16	B2A08	2	2	0	1	0	1	LT
12.5	0	17	B2A08	2	2	0	1	0	1	LT
12.5	0	18	B2A08	2	2	0	1	0	1	LT
16.5	0	19	B2A08	2	2	0	1	0	1	LT
20.5	0	20	B2A08	2	2	0	1	0	1	LT
27.5	0	21	B2A08	2	2	0	1	0	1	LT
1	0	1	B2A09	4	1	0	0	1	0	S
1	0	2	B2A09	4	1	0	0	1	0	S
1	0	3	B2A09	4	1	0	0	1	0	S
1	0	4	B2A09	4	1	0	0	1	0	S
1	0	5	B2A09	4	1	0	0	1	0	S
1	0	6	B2A09	4	1	0	0	1	0	S
1	0	7	B2A09	4	1	0	0	1	0	S
7.5	0	8	B2A09	4	1	0	0	1	0	S
7.5	0	9	B2A09	4	1	0	0	1	0	S
7.5	0	10	B2A09	4	1	0	0	1	0	S
7.5	0	11	B2A09	4	1	0	0	1	0	S
7.5	0	12	B2A09	4	1	0	0	1	0	S
7.5	0	13	B2A09	4	1	0	0	1	0	S
7.5	0	14	B2A09	4	1	0	0	1	0	S
7.5	0	15	B2A09	4	1	0	0	1	0	S
16.5	0	16	B2A09	4	1	0	0	1	0	S
16.5	0	17	B2A09	4	1	0	0	1	0	S
16.5	0	18	B2A09	4	1	0	0	1	0	S
20.5	0	19	B2A09	4	1	0	0	1	0	S
25	0	20	B2A09	4	1	0	0	1	0	S
1	0	1	B2A10	16	2	1	0	1	0	GS
1	0	2	B2A10	16	2	1	0	1	0	GS
1	0	3	B2A10	16	2	1	0	1	0	GS
1	0	4	B2A10	16	2	1	0	1	0	GS
3	0	5	B2A10	16	2	1	0	1	0	GS
3	0	6	B2A10	16	2	1	0	1	0	GS
3	0	7	B2A10	16	2	1	0	1	0	GS
7.5	0	8	B2A10	16	2	1	0	1	0	GS
7.5	0	9	B2A10	16	2	1	0	1	0	GS
7.5	0	10	B2A10	16	2	1	0	1	0	GS
7.5	0	11	B2A10	16	2	1	0	1	0	GS
7.5	0	12	B2A10	16	2	1	0	1	0	GS
16.5	0	13	B2A10	16	2	1	0	1	0	GS
16.5	0	14	B2A10	16	2	1	0	1	0	GS
20.5	0	15	B2A10	16	2	1	0	1	0	GS
20.5	0	16	B2A10	16	2	1	0	1	0	GS
25	0	17	B2A10	16	2	1	0	1	0	GS
31	0	18	B2A10	16	2	1	0	1	0	GS
1	0	1	B2A12	8	1	0	0	0	1	T
1	0	2	B2A12	8	1	0	0	0	1	T
1	0	3	B2A12	8	1	0	0	0	1	T
1	0	4	B2A12	8	1	0	0	0	1	T
1	0	5	B2A12	8	1	0	0	0	1	T
1	0	6	B2A12	8	1	0	0	0	1	T
3	0	7	B2A12	8	1	0	0	0	1	T
3	0	8	B2A12	8	1	0	0	0	1	T
7.5	0	9	B2A12	8	1	0	0	0	1	T
7.5	0	10	B2A12	8	1	0	0	0	1	T
7.5	0	11	B2A12	8	1	0	0	0	1	T
7.5	0	12	B2A12	8	1	0	0	0	1	T
7.5	0	13	B2A12	8	1	0	0	0	1	T
7.5	0	14	B2A12	8	1	0	0	0	1	T
7.5	0	15	B2A12	8	1	0	0	0	1	T
16.5	0	16	B2A12	8	1	0	0	0	1	T
20.5	0	17	B2A12	8	1	0	0	0	1	T
20.5	0	18	B2A12	8	1	0	0	0	1	T
20.5	0	19	B2A12	8	1	0	0	0	1	T
1	0	1	B2A13	1	1	0	0	1	0	S
1	0	2	B2A13	1	1	0	0	1	0	S
1	0	3	B2A13	1	1	0	0	1	0	S
1	0	4	B2A13	1	1	0	0	1	0	S
1	0	5	B2A13	1	1	0	0	1	0	S
1	0	6	B2A13	1	1	0	0	1	0	S
1	0	7	B2A13	1	1	0	0	1	0	S
1	0	8	B2A13	1	1	0	0	1	0	S
7.5	0	9	B2A13	1	1	0	0	1	0	S
7.5	0	10	B2A13	1	1	0	0	1	0	S
12.5	0	11	B2A13	1	1	0	0	1	0	S
20.5	0	12	B2A13	1	1	0	0	1	0	S
20.5	0	13	B2A13	1	1	0	0	1	0	S
23	0	14	B2A13	1	1	0	0	1	0	S
31	0	15	B2A13	1	1	0	0	1	0	S
31	0	16	B2A13	1	1	0	0	1	0	S
35	0	17	B2A13	1	1	0	0	1	0	S
45.5	0	18	B2A13	1	1	0	0	1	0	S
45.5	0	19	B2A13	1	1	0	0	1	0	S
1	0	1	B2A14	8	4	1	1	1	1	GLST
1	0	2	B2A14	8	4	1	1	1	1	GLST
1	0	3	B2A14	8	4	1	1	1	1	GLST
1	0	4	B2A14	8	4	1	1	1	1	GLST
3	0	5	B2A14	8	4	1	1	1	1	GLST
3	0	6	B2A14	8	4	1	1	1	1	GLST
3	0	7	B2A14	8	4	1	1	1	1	GLST
12.5	0	8	B2A14	8	4	1	1	1	1	GLST
16.5	0	9	B2A14	8	4	1	1	1	1	GLST
20.5	0	10	B2A14	8	4	1	1	1	1	GLST
20.5	0	11	B2A14	8	4	1	1	1	1	GLST
20.5	0	12	B2A14	8	4	1	1	1	1	GLST
39.5	0	13	B2A14	8	4	1	1	1	1	GLST
45.5	0	14	B2A14	8	4	1	1	1	1	GLST
45.5	0	15	B2A14	8	4	1	1	1	1	GLST
45.5	0	16	B2A14	8	4	1	1	1	1	GLST
45.5	0	17	B2A14	8	4	1	1	1	1	GLST
49	1	18	B2A14	8	4	1	1	1	1	GLST
1	0	1	B2A15	1	1	0	1	0	0	L
1	0	2	B2A15	1	1	0	1	0	0	L
1	0	3	B2A15	1	1	0	1	0	0	L
1	0	4	B2A15	1	1	0	1	0	0	L
1	0	5	B2A15	1	1	0	1	0	0	L
1	0	6	B2A15	1	1	0	1	0	0	L
1	0	7	B2A15	1	1	0	1	0	0	L
1	0	8	B2A15	1	1	0	1	0	0	L
1	0	9	B2A15	1	1	0	1	0	0	L
7.5	0	10	B2A15	1	1	0	1	0	0	L
7.5	0	11	B2A15	1	1	0	1	0	0	L
20.5	0	12	B2A15	1	1	0	1	0	0	L
20.5	0	13	B2A15	1	1	0	1	0	0	L
20.5	0	14	B2A15	1	1	0	1	0	0	L
20.5	0	15	B2A15	1	1	0	1	0	0	L
23	0	16	B2A15	1	1	0	1	0	0	L
23	0	17	B2A15	1	1	0	1	0	0	L
31	0	18	B2A15	1	1	0	1	0	0	L
49	1	19	B2A15	1	1	0	1	0	0	L
1	0	1	B2A16	4	3	0	1	1	1	LST
1	0	2	B2A16	4	3	0	1	1	1	LST
1	0	3	B2A16	4	3	0	1	1	1	LST
1	0	4	B2A16	4	3	0	1	1	1	LST
1	0	5	B2A16	4	3	0	1	1	1	LST
1	0	6	B2A16	4	3	0	1	1	1	LST
1	0	7	B2A16	4	3	0	1	1	1	LST
3	0	8	B2A16	4	3	0	1	1	1	LST
12.5	0	9	B2A16	4	3	0	1	1	1	LST
20.5	0	10	B2A16	4	3	0	1	1	1	LST
23	0	11	B2A16	4	3	0	1	1	1	LST
49	1	12	B2A16	4	3	0	1	1	1	LST
49	1	13	B2A16	4	3	0	1	1	1	LST
49	1	14	B2A16	4	3	0	1	1	1	LST
49	1	15	B2A16	4	3	0	1	1	1	LST
49	1	16	B2A16	4	3	0	1	1	1	LST
49	1	17	B2A16	4	3	0	1	1	1	LST
1	0	1	B2A17	8	2	0	1	1	0	LS
1	0	2	B2A17	8	2	0	1	1	0	LS
1	0	3	B2A17	8	2	0	1	1	0	LS
1	0	4	B2A17	8	2	0	1	1	0	LS
1	0	5	B2A17	8	2	0	1	1	0	LS
1	0	6	B2A17	8	2	0	1	1	0	LS
7.5	0	7	B2A17	8	2	0	1	1	0	LS
7.5	0	8	B2A17	8	2	0	1	1	0	LS
7.5	0	9	B2A17	8	2	0	1	1	0	LS
7.5	0	10	B2A17	8	2	0	1	1	0	LS
12.5	0	11	B2A17	8	2	0	1	1	0	LS
12.5	0	12	B2A17	8	2	0	1	1	0	LS
12.5	0	13	B2A17	8	2	0	1	1	0	LS
16.5	0	14	B2A17	8	2	0	1	1	0	LS
20.5	0	15	B2A17	8	2	0	1	1	0	LS
20.5	0	16	B2A17	8	2	0	1	1	0	LS
20.5	0	17	B2A17	8	2	0	1	1	0	LS
20.5	0	18	B2A17	8	2	0	1	1	0	LS
25	0	19	B2A17	8	2	0	1	1	0	LS
49	1	20	B2A17	8	2	0	1	1	0	LS
1	0	1	B2A18	16	4	1	1	1	1	GLST
1	0	2	B2A18	16	4	1	1	1	1	GLST
3	0	3	B2A18	16	4	1	1	1	1	GLST
12.5	0	4	B2A18	16	4	1	1	1	1	GLST
12.5	0	5	B2A18	16	4	1	1	1	1	GLST
12.5	0	6	B2A18	16	4	1	1	1	1	GLST
12.5	0	7	B2A18	16	4	1	1	1	1	GLST
12.5	0	8	B2A18	16	4	1	1	1	1	GLST
12.5	0	9	B2A18	16	4	1	1	1	1	GLST
12.5	0	10	B2A18	16	4	1	1	1	1	GLST
16.5	0	11	B2A18	16	4	1	1	1	1	GLST
16.5	0	12	B2A18	16	4	1	1	1	1	GLST
20.5	0	13	B2A18	16	4	1	1	1	1	GLST
20.5	0	14	B2A18	16	4	1	1	1	1	GLST
20.5	0	15	B2A18	16	4	1	1	1	1	GLST
20.5	0	16	B2A18	16	4	1	1	1	1	GLST
20.5	0	17	B2A18	16	4	1	1	1	1	GLST
23	0	18	B2A18	16	4	1	1	1	1	GLST
23	0	19	B2A18	16	4	1	1	1	1	GLST
31	0	20	B2A18	16	4	1	1	1	1	GLST
1	0	1	B2A19	2	1	0	0	1	0	S
1	0	2	B2A19	2	1	0	0	1	0	S
1	0	3	B2A19	2	1	0	0	1	0	S
1	0	4	B2A19	2	1	0	0	1	0	S
1	0	5	B2A19	2	1	0	0	1	0	S
7.5	0	6	B2A19	2	1	0	0	1	0	S
7.5	0	7	B2A19	2	1	0	0	1	0	S
7.5	0	8	B2A19	2	1	0	0	1	0	S
7.5	0	9	B2A19	2	1	0	0	1	0	S
7.5	0	10	B2A19	2	1	0	0	1	0	S
7.5	0	11	B2A19	2	1	0	0	1	0	S
12.5	0	12	B2A19	2	1	0	0	1	0	S
12.5	0	13	B2A19	2	1	0	0	1	0	S
20.5	0	14	B2A19	2	1	0	0	1	0	S
20.5	0	15	B2A19	2	1	0	0	1	0	S
20.5	0	16	B2A19	2	1	0	0	1	0	S
20.5	0	17	B2A19	2	1	0	0	1	0	S
20.5	0	18	B2A19	2	1	0	0	1	0	S
20.5	0	19	B2A19	2	1	0	0	1	0	S
27.5	0	20	B2A19	2	1	0	0	1	0	S
1	0	1	B2A20	2	2	0	1	1	0	LS
1	0	2	B2A20	2	2	0	1	1	0	LS
1	0	3	B2A20	2	2	0	1	1	0	LS
1	0	4	B2A20	2	2	0	1	1	0	LS
1	0	5	B2A20	2	2	0	1	1	0	LS
1	0	6	B2A20	2	2	0	1	1	0	LS
1	0	7	B2A20	2	2	0	1	1	0	LS
1	0	8	B2A20	2	2	0	1	1	0	LS
1	0	9	B2A20	2	2	0	1	1	0	LS
1	0	10	B2A20	2	2	0	1	1	0	LS
1	0	11	B2A20	2	2	0	1	1	0	LS
1	0	12	B2A20	2	2	0	1	1	0	LS
3	0	13	B2A20	2	2	0	1	1	0	LS
7.5	0	14	B2A20	2	2	0	1	1	0	LS
7.5	0	15	B2A20	2	2	0	1	1	0	LS
7.5	0	16	B2A20	2	2	0	1	1	0	LS
12.5	0	17	B2A20	2	2	0	1	1	0	LS
20.5	0	18	B2A20	2	2	0	1	1	0	LS
20.5	0	19	B2A20	2	2	0	1	1	0	LS
31	0	20	B2A20	2	2	0	1	1	0	LS
1	0	1	B2A21	8	3	0	1	1	1	LST
1	0	2	B2A21	8	3	0	1	1	1	LST
1	0	3	B2A21	8	3	0	1	1	1	LST
1	0	4	B2A21	8	3	0	1	1	1	LST
1	0	5	B2A21	8	3	0	1	1	1	LST
1	0	6	B2A21	8	3	0	1	1	1	LST
3	0	7	B2A21	8	3	0	1	1	1	LST
7.5	0	8	B2A21	8	3	0	1	1	1	LST
7.5	0	9	B2A21	8	3	0	1	1	1	LST
12.5	0	10	B2A21	8	3	0	1	1	1	LST
12.5	0	11	B2A21	8	3	0	1	1	1	LST
12.5	0	12	B2A21	8	3	0	1	1	1	LST
12.5	0	13	B2A21	8	3	0	1	1	1	LST
16.5	0	14	B2A21	8	3	0	1	1	1	LST
16.5	0	15	B2A21	8	3	0	1	1	1	LST
16.5	0	16	B2A21	8	3	0	1	1	1	LST
16.5	0	17	B2A21	8	3	0	1	1	1	LST
20.5	0	18	B2A21	8	3	0	1	1	1	LST
20.5	0	19	B2A21	8	3	0	1	1	1	LST
23	0	20	B2A21	8	3	0	1	1	1	LST
1	0	1	B2A22	16	3	1	1	0	1	GLT
1	0	2	B2A22	16	3	1	1	0	1	GLT
1	0	3	B2A22	16	3	1	1	0	1	GLT
1	0	4	B2A22	16	3	1	1	0	1	GLT
3	0	5	B2A22	16	3	1	1	0	1	GLT
3	0	6	B2A22	16	3	1	1	0	1	GLT
3	0	7	B2A22	16	3	1	1	0	1	GLT
16.5	0	8	B2A22	16	3	1	1	0	1	GLT
16.5	0	9	B2A22	16	3	1	1	0	1	GLT
20.5	0	10	B2A22	16	3	1	1	0	1	GLT
20.5	0	11	B2A22	16	3	1	1	0	1	GLT
20.5	0	12	B2A22	16	3	1	1	0	1	GLT
20.5	0	13	B2A22	16	3	1	1	0	1	GLT
20.5	0	14	B2A22	16	3	1	1	0	1	GLT
20.5	0	15	B2A22	16	3	1	1	0	1	GLT
20.5	0	16	B2A22	16	3	1	1	0	1	GLT
27.5	0	17	B2A22	16	3	1	1	0	1	GLT
49	1	18	B2A22	16	3	1	1	0	1	GLT
49	1	19	B2A22	16	3	1	1	0	1	GLT
1.5	0	1	B3A01	1	1	0	0	0	1	T
1.5	0	2	B3A01	1	1	0	0	0	1	T
1.5	0	3	B3A01	1	1	0	0	0	1	T
1.5	0	4	B3A01	1	1	0	0	0	1	T
1.5	0	5	B3A01	1	1	0	0	0	1	T
1.5	0	6	B3A01	1	1	0	0	0	1	T
4	0	7	B3A01	1	1	0	0	0	1	T
4	0	8	B3A01	1	1	0	0	0	1	T
4	0	9	B3A01	1	1	0	0	0	1	T
4	0	10	B3A01	1	1	0	0	0	1	T
4	0	11	B3A01	1	1	0	0	0	1	T
4	0	12	B3A01	1	1	0	0	0	1	T
4	0	13	B3A01	1	1	0	0	0	1	T
4	0	14	B3A01	1	1	0	0	0	1	T
10	0	15	B3A01	1	1	0	0	0	1	T
10	0	16	B3A01	1	1	0	0	0	1	T
10	0	17	B3A01	1	1	0	0	0	1	T
12	0	18	B3A01	1	1	0	0	0	1	T
12	0	19	B3A01	1	1	0	0	0	1	T
17	0	20	B3A01	1	1	0	0	0	1	T
1.5	0	1	B3A02	2	2	1	0	0	1	GT
1.5	0	2	B3A02	2	2	1	0	0	1	GT
1.5	0	3	B3A02	2	2	1	0	0	1	GT
1.5	0	4	B3A02	2	2	1	0	0	1	GT
1.5	0	5	B3A02	2	2	1	0	0	1	GT
17	0	6	B3A02	2	2	1	0	0	1	GT
17	0	7	B3A02	2	2	1	0	0	1	GT
17	0	8	B3A02	2	2	1	0	0	1	GT
22	0	9	B3A02	2	2	1	0	0	1	GT
22	0	10	B3A02	2	2	1	0	0	1	GT
22	0	11	B3A02	2	2	1	0	0	1	GT
22	0	12	B3A02	2	2	1	0	0	1	GT
26	0	13	B3A02	2	2	1	0	0	1	GT
26	0	14	B3A02	2	2	1	0	0	1	GT
30.5	0	15	B3A02	2	2	1	0	0	1	GT
30.5	0	16	B3A02	2	2	1	0	0	1	GT
38.5	0	17	B3A02	2	2	1	0	0	1	GT
45	0	18	B3A02	2	2	1	0	0	1	GT
45	0	19	B3A02	2	2	1	0	0	1	GT
49	0	20	B3A02	2	2	1	0	0	1	GT
56	1	21	B3A02	2	2	1	0	0	1	GT
1.5	0	1	B3A03	4	3	1	1	1	0	GLS
1.5	0	2	B3A03	4	3	1	1	1	0	GLS
1.5	0	3	B3A03	4	3	1	1	1	0	GLS
1.5	0	4	B3A03	4	3	1	1	1	0	GLS
1.5	0	5	B3A03	4	3	1	1	1	0	GLS
4	0	6	B3A03	4	3	1	1	1	0	GLS
22	0	7	B3A03	4	3	1	1	1	0	GLS
22	0	8	B3A03	4	3	1	1	1	0	GLS
22	0	9	B3A03	4	3	1	1	1	0	GLS
35	0	10	B3A03	4	3	1	1	1	0	GLS
38.5	0	11	B3A03	4	3	1	1	1	0	GLS
38.5	0	12	B3A03	4	3	1	1	1	0	GLS
49	0	13	B3A03	4	3	1	1	1	0	GLS
54	0	14	B3A03	4	3	1	1	1	0	GLS
56	1	15	B3A03	4	3	1	1	1	0	GLS
1.5	0	1	B3A04	8	1	1	0	0	0	G
6	0	2	B3A04	8	1	1	0	0	0	G
6	0	3	B3A04	8	1	1	0	0	0	G
22	0	4	B3A04	8	1	1	0	0	0	G
22	0	5	B3A04	8	1	1	0	0	0	G
22	0	6	B3A04	8	1	1	0	0	0	G
22	0	7	B3A04	8	1	1	0	0	0	G
22	0	8	B3A04	8	1	1	0	0	0	G
22	0	9	B3A04	8	1	1	0	0	0	G
22	0	10	B3A04	8	1	1	0	0	0	G
22	0	11	B3A04	8	1	1	0	0	0	G
30.5	0	12	B3A04	8	1	1	0	0	0	G
35	0	13	B3A04	8	1	1	0	0	0	G
38.5	0	14	B3A04	8	1	1	0	0	0	G
38.5	0	15	B3A04	8	1	1	0	0	0	G
49	0	16	B3A04	8	1	1	0	0	0	G
49	0	17	B3A04	8	1	1	0	0	0	G
56	1	18	B3A04	8	1	1	0	0	0	G
56	1	19	B3A04	8	1	1	0	0	0	G
56	1	20	B3A04	8	1	1	0	0	0	G
1.5	0	1	B3A05	8	3	1	1	0	1	GLT
1.5	0	2	B3A05	8	3	1	1	0	1	GLT
1.5	0	3	B3A05	8	3	1	1	0	1	GLT
17	0	4	B3A05	8	3	1	1	0	1	GLT
17	0	5	B3A05	8	3	1	1	0	1	GLT
17	0	6	B3A05	8	3	1	1	0	1	GLT
17	0	7	B3A05	8	3	1	1	0	1	GLT
22	0	8	B3A05	8	3	1	1	0	1	GLT
22	0	9	B3A05	8	3	1	1	0	1	GLT
22	0	10	B3A05	8	3	1	1	0	1	GLT
26	0	11	B3A05	8	3	1	1	0	1	GLT
26	0	12	B3A05	8	3	1	1	0	1	GLT
33	0	13	B3A05	8	3	1	1	0	1	GLT
38.5	0	14	B3A05	8	3	1	1	0	1	GLT
38.5	0	15	B3A05	8	3	1	1	0	1	GLT
45	0	16	B3A05	8	3	1	1	0	1	GLT
56	1	17	B3A05	8	3	1	1	0	1	GLT
56	1	18	B3A05	8	3	1	1	0	1	GLT
1.5	0	1	B3A06	1	1	1	0	0	0	G
1.5	0	2	B3A06	1	1	1	0	0	0	G
1.5	0	3	B3A06	1	1	1	0	0	0	G
17	0	4	B3A06	1	1	1	0	0	0	G
17	0	5	B3A06	1	1	1	0	0	0	G
17	0	6	B3A06	1	1	1	0	0	0	G
22	0	7	B3A06	1	1	1	0	0	0	G
22	0	8	B3A06	1	1	1	0	0	0	G
30.5	0	9	B3A06	1	1	1	0	0	0	G
30.5	0	10	B3A06	1	1	1	0	0	0	G
35	0	11	B3A06	1	1	1	0	0	0	G
38.5	0	12	B3A06	1	1	1	0	0	0	G
38.5	0	13	B3A06	1	1	1	0	0	0	G
38.5	0	14	B3A06	1	1	1	0	0	0	G
38.5	0	15	B3A06	1	1	1	0	0	0	G
38.5	0	16	B3A06	1	1	1	0	0	0	G
42.5	0	17	B3A06	1	1	1	0	0	0	G
56	1	18	B3A06	1	1	1	0	0	0	G
56	1	19	B3A06	1	1	1	0	0	0	G
56	1	20	B3A06	1	1	1	0	0	0	G
1.5	0	1	B3A07	8	4	1	1	1	1	GLST
1.5	0	2	B3A07	8	4	1	1	1	1	GLST
1.5	0	3	B3A07	8	4	1	1	1	1	GLST
1.5	0	4	B3A07	8	4	1	1	1	1	GLST
1.5	0	5	B3A07	8	4	1	1	1	1	GLST
1.5	0	6	B3A07	8	4	1	1	1	1	GLST
1.5	0	7	B3A07	8	4	1	1	1	1	GLST
12	0	8	B3A07	8	4	1	1	1	1	GLST
12	0	9	B3A07	8	4	1	1	1	1	GLST
12	0	10	B3A07	8	4	1	1	1	1	GLST
22	0	11	B3A07	8	4	1	1	1	1	GLST
22	0	12	B3A07	8	4	1	1	1	1	GLST
30.5	0	13	B3A07	8	4	1	1	1	1	GLST
30.5	0	14	B3A07	8	4	1	1	1	1	GLST
30.5	0	15	B3A07	8	4	1	1	1	1	GLST
30.5	0	16	B3A07	8	4	1	1	1	1	GLST
30.5	0	17	B3A07	8	4	1	1	1	1	GLST
30.5	0	18	B3A07	8	4	1	1	1	1	GLST
33	0	19	B3A07	8	4	1	1	1	1	GLST
1.5	0	1	B3A08	2	1	1	0	0	0	G
22	0	2	B3A08	2	1	1	0	0	0	G
22	0	3	B3A08	2	1	1	0	0	0	G
22	0	4	B3A08	2	1	1	0	0	0	G
22	0	5	B3A08	2	1	1	0	0	0	G
22	0	6	B3A08	2	1	1	0	0	0	G
22	0	7	B3A08	2	1	1	0	0	0	G
22	0	8	B3A08	2	1	1	0	0	0	G
22	0	9	B3A08	2	1	1	0	0	0	G
26	0	10	B3A08	2	1	1	0	0	0	G
26	0	11	B3A08	2	1	1	0	0	0	G
26	0	12	B3A08	2	1	1	0	0	0	G
30.5	0	13	B3A08	2	1	1	0	0	0	G
38.5	0	14	B3A08	2	1	1	0	0	0	G
38.5	0	15	B3A08	2	1	1	0	0	0	G
38.5	0	16	B3A08	2	1	1	0	0	0	G
42.5	0	17	B3A08	2	1	1	0	0	0	G
42.5	0	18	B3A08	2	1	1	0	0	0	G
45	0	19	B3A08	2	1	1	0	0	0	G
56	1	20	B3A08	2	1	1	0	0	0	G
1.5	0	1	B3A09	16	1	1	0	0	0	G
1.5	0	2	B3A09	16	1	1	0	0	0	G
1.5	0	3	B3A09	16	1	1	0	0	0	G
1.5	0	4	B3A09	16	1	1	0	0	0	G
22	0	5	B3A09	16	1	1	0	0	0	G
22	0	6	B3A09	16	1	1	0	0	0	G
26	0	7	B3A09	16	1	1	0	0	0	G
26	0	8	B3A09	16	1	1	0	0	0	G
26	0	9	B3A09	16	1	1	0	0	0	G
30.5	0	10	B3A09	16	1	1	0	0	0	G
33	0	11	B3A09	16	1	1	0	0	0	G
33	0	12	B3A09	16	1	1	0	0	0	G
35	0	13	B3A09	16	1	1	0	0	0	G
38.5	0	14	B3A09	16	1	1	0	0	0	G
45	0	15	B3A09	16	1	1	0	0	0	G
45	0	16	B3A09	16	1	1	0	0	0	G
45	0	17	B3A09	16	1	1	0	0	0	G
54	0	18	B3A09	16	1	1	0	0	0	G
56	1	19	B3A09	16	1	1	0	0	0	G
56	1	20	B3A09	16	1	1	0	0	0	G
56	1	21	B3A09	16	1	1	0	0	0	G
1.5	0	1	B3A11	4	2	1	0	1	0	GS
1.5	0	2	B3A11	4	2	1	0	1	0	GS
1.5	0	3	B3A11	4	2	1	0	1	0	GS
1.5	0	4	B3A11	4	2	1	0	1	0	GS
1.5	0	5	B3A11	4	2	1	0	1	0	GS
22	0	6	B3A11	4	2	1	0	1	0	GS
22	0	7	B3A11	4	2	1	0	1	0	GS
22	0	8	B3A11	4	2	1	0	1	0	GS
30.5	0	9	B3A11	4	2	1	0	1	0	GS
30.5	0	10	B3A11	4	2	1	0	1	0	GS
30.5	0	11	B3A11	4	2	1	0	1	0	GS
38.5	0	12	B3A11	4	2	1	0	1	0	GS
56	1	13	B3A11	4	2	1	0	1	0	GS
56	1	14	B3A11	4	2	1	0	1	0	GS
56	1	15	B3A11	4	2	1	0	1	0	GS
56	1	16	B3A11	4	2	1	0	1	0	GS
1.5	0	1	B3A12	1	1	0	1	0	0	L
1.5	0	2	B3A12	1	1	0	1	0	0	L
1.5	0	3	B3A12	1	1	0	1	0	0	L
1.5	0	4	B3A12	1	1	0	1	0	0	L
1.5	0	5	B3A12	1	1	0	1	0	0	L
1.5	0	6	B3A12	1	1	0	1	0	0	L
4	0	7	B3A12	1	1	0	1	0	0	L
6	0	8	B3A12	1	1	0	1	0	0	L
12	0	9	B3A12	1	1	0	1	0	0	L
12	0	10	B3A12	1	1	0	1	0	0	L
22	0	11	B3A12	1	1	0	1	0	0	L
30.5	0	12	B3A12	1	1	0	1	0	0	L
42.5	0	13	B3A12	1	1	0	1	0	0	L
49	0	14	B3A12	1	1	0	1	0	0	L
54	0	15	B3A12	1	1	0	1	0	0	L
56	1	16	B3A12	1	1	0	1	0	0	L
56	1	17	B3A12	1	1	0	1	0	0	L
56	1	18	B3A12	1	1	0	1	0	0	L
1.5	0	1	B3A13	4	1	1	0	0	0	G
1.5	0	2	B3A13	4	1	1	0	0	0	G
1.5	0	3	B3A13	4	1	1	0	0	0	G
1.5	0	4	B3A13	4	1	1	0	0	0	G
1.5	0	5	B3A13	4	1	1	0	0	0	G
4	0	6	B3A13	4	1	1	0	0	0	G
12	0	7	B3A13	4	1	1	0	0	0	G
22	0	8	B3A13	4	1	1	0	0	0	G
22	0	9	B3A13	4	1	1	0	0	0	G
26	0	10	B3A13	4	1	1	0	0	0	G
33	0	11	B3A13	4	1	1	0	0	0	G
38.5	0	12	B3A13	4	1	1	0	0	0	G
42.5	0	13	B3A13	4	1	1	0	0	0	G
49	0	14	B3A13	4	1	1	0	0	0	G
49	0	15	B3A13	4	1	1	0	0	0	G
56	1	16	B3A13	4	1	1	0	0	0	G
56	1	17	B3A13	4	1	1	0	0	0	G
56	1	18	B3A13	4	1	1	0	0	0	G
56	1	19	B3A13	4	1	1	0	0	0	G
56	1	20	B3A13	4	1	1	0	0	0	G
56	1	21	B3A13	4	1	1	0	0	0	G
56	1	22	B3A13	4	1	1	0	0	0	G
1.5	0	1	B3A14	60	4	1	1	1	1	GLST
1.5	0	2	B3A14	60	4	1	1	1	1	GLST
1.5	0	3	B3A14	60	4	1	1	1	1	GLST
4	0	4	B3A14	60	4	1	1	1	1	GLST
4	0	5	B3A14	60	4	1	1	1	1	GLST
4	0	6	B3A14	60	4	1	1	1	1	GLST
4	0	7	B3A14	60	4	1	1	1	1	GLST
17	0	8	B3A14	60	4	1	1	1	1	GLST
17	0	9	B3A14	60	4	1	1	1	1	GLST
17	0	10	B3A14	60	4	1	1	1	1	GLST
22	0	11	B3A14	60	4	1	1	1	1	GLST
22	0	12	B3A14	60	4	1	1	1	1	GLST
22	0	13	B3A14	60	4	1	1	1	1	GLST
26	0	14	B3A14	60	4	1	1	1	1	GLST
30.5	0	15	B3A14	60	4	1	1	1	1	GLST
38.5	0	16	B3A14	60	4	1	1	1	1	GLST
38.5	0	17	B3A14	60	4	1	1	1	1	GLST
38.5	0	18	B3A14	60	4	1	1	1	1	GLST
38.5	0	19	B3A14	60	4	1	1	1	1	GLST
45	0	20	B3A14	60	4	1	1	1	1	GLST
1.5	0	1	B3A16	16	2	0	1	1	0	LS
1.5	0	2	B3A16	16	2	0	1	1	0	LS
1.5	0	3	B3A16	16	2	0	1	1	0	LS
1.5	0	4	B3A16	16	2	0	1	1	0	LS
1.5	0	5	B3A16	16	2	0	1	1	0	LS
4	0	6	B3A16	16	2	0	1	1	0	LS
4	0	7	B3A16	16	2	0	1	1	0	LS
4	0	8	B3A16	16	2	0	1	1	0	LS
10	0	9	B3A16	16	2	0	1	1	0	LS
10	0	10	B3A16	16	2	0	1	1	0	LS
10	0	11	B3A16	16	2	0	1	1	0	LS
10	0	12	B3A16	16	2	0	1	1	0	LS
10	0	13	B3A16	16	2	0	1	1	0	LS
17	0	14	B3A16	16	2	0	1	1	0	LS
17	0	15	B3A16	16	2	0	1	1	0	LS
22	0	16	B3A16	16	2	0	1	1	0	LS
26	0	17	B3A16	16	2	0	1	1	0	LS
30.5	0	18	B3A16	16	2	0	1	1	0	LS
38.5	0	19	B3A16	16	2	0	1	1	0	LS
45	0	20	B3A16	16	2	0	1	1	0	LS
1.5	0	1	B3A17	1	1	0	0	1	0	S
1.5	0	2	B3A17	1	1	0	0	1	0	S
1.5	0	3	B3A17	1	1	0	0	1	0	S
4	0	4	B3A17	1	1	0	0	1	0	S
4	0	5	B3A17	1	1	0	0	1	0	S
4	0	6	B3A17	1	1	0	0	1	0	S
4	0	7	B3A17	1	1	0	0	1	0	S
4	0	8	B3A17	1	1	0	0	1	0	S
4	0	9	B3A17	1	1	0	0	1	0	S
6	0	10	B3A17	1	1	0	0	1	0	S
6	0	11	B3A17	1	1	0	0	1	0	S
10	0	12	B3A17	1	1	0	0	1	0	S
12	0	13	B3A17	1	1	0	0	1	0	S
12	0	14	B3A17	1	1	0	0	1	0	S
12	0	15	B3A17	1	1	0	0	1	0	S
12	0	16	B3A17	1	1	0	0	1	0	S
17	0	17	B3A17	1	1	0	0	1	0	S
17	0	18	B3A17	1	1	0	0	1	0	S
17	0	19	B3A17	1	1	0	0	1	0	S
22	0	20	B3A17	1	1	0	0	1	0	S
1.5	0	1	B3A19	2	2	1	0	1	0	GS
1.5	0	2	B3A19	2	2	1	0	1	0	GS
1.5	0	3	B3A19	2	2	1	0	1	0	GS
1.5	0	4	B3A19	2	2	1	0	1	0	GS
1.5	0	5	B3A19	2	2	1	0	1	0	GS
1.5	0	6	B3A19	2	2	1	0	1	0	GS
1.5	0	7	B3A19	2	2	1	0	1	0	GS
10	0	8	B3A19	2	2	1	0	1	0	GS
17	0	9	B3A19	2	2	1	0	1	0	GS
17	0	10	B3A19	2	2	1	0	1	0	GS
17	0	11	B3A19	2	2	1	0	1	0	GS
22	0	12	B3A19	2	2	1	0	1	0	GS
22	0	13	B3A19	2	2	1	0	1	0	GS
22	0	14	B3A19	2	2	1	0	1	0	GS
22	0	15	B3A19	2	2	1	0	1	0	GS
22	0	16	B3A19	2	2	1	0	1	0	GS
22	0	17	B3A19	2	2	1	0	1	0	GS
54	0	18	B3A19	2	2	1	0	1	0	GS
1.5	0	1	B3A20	8	2	0	1	0	1	LT
1.5	0	2	B3A20	8	2	0	1	0	1	LT
1.5	0	3	B3A20	8	2	0	1	0	1	LT
1.5	0	4	B3A20	8	2	0	1	0	1	LT
1.5	0	5	B3A20	8	2	0	1	0	1	LT
1.5	0	6	B3A20	8	2	0	1	0	1	LT
1.5	0	7	B3A20	8	2	0	1	0	1	LT
12	0	8	B3A20	8	2	0	1	0	1	LT
12	0	9	B3A20	8	2	0	1	0	1	LT
12	0	10	B3A20	8	2	0	1	0	1	LT
12	0	11	B3A20	8	2	0	1	0	1	LT
12	0	12	B3A20	8	2	0	1	0	1	LT
17	0	13	B3A20	8	2	0	1	0	1	LT
17	0	14	B3A20	8	2	0	1	0	1	LT
22	0	15	B3A20	8	2	0	1	0	1	LT
22	0	16	B3A20	8	2	0	1	0	1	LT
26	0	17	B3A20	8	2	0	1	0	1	LT
1.5	0	1	B3A21	2	1	0	1	0	0	L
1.5	0	2	B3A21	2	1	0	1	0	0	L
1.5	0	3	B3A21	2	1	0	1	0	0	L
1.5	0	4	B3A21	2	1	0	1	0	0	L
1.5	0	5	B3A21	2	1	0	1	0	0	L
6	0	6	B3A21	2	1	0	1	0	0	L
6	0	7	B3A21	2	1	0	1	0	0	L
8	0	8	B3A21	2	1	0	1	0	0	L
10	0	9	B3A21	2	1	0	1	0	0	L
17	0	10	B3A21	2	1	0	1	0	0	L
17	0	11	B3A21	2	1	0	1	0	0	L
17	0	12	B3A21	2	1	0	1	0	0	L
17	0	13	B3A21	2	1	0	1	0	0	L
22	0	14	B3A21	2	1	0	1	0	0	L
22	0	15	B3A21	2	1	0	1	0	0	L
22	0	16	B3A21	2	1	0	1	0	0	L
22	0	17	B3A21	2	1	0	1	0	0	L
22	0	18	B3A21	2	1	0	1	0	0	L
35	0	19	B3A21	2	1	0	1	0	0	L
54	0	20	B3A21	2	1	0	1	0	0	L
1.5	0	1	B3A22	16	4	1	1	1	1	GLST
1.5	0	2	B3A22	16	4	1	1	1	1	GLST
1.5	0	3	B3A22	16	4	1	1	1	1	GLST
6	0	4	B3A22	16	4	1	1	1	1	GLST
17	0	5	B3A22	16	4	1	1	1	1	GLST
17	0	6	B3A22	16	4	1	1	1	1	GLST
17	0	7	B3A22	16	4	1	1	1	1	GLST
17	0	8	B3A22	16	4	1	1	1	1	GLST
17	0	9	B3A22	16	4	1	1	1	1	GLST
17	0	10	B3A22	16	4	1	1	1	1	GLST
22	0	11	B3A22	16	4	1	1	1	1	GLST
22	0	12	B3A22	16	4	1	1	1	1	GLST
22	0	13	B3A22	16	4	1	1	1	1	GLST
22	0	14	B3A22	16	4	1	1	1	1	GLST
56	1	15	B3A22	16	4	1	1	1	1	GLST
56	1	16	B3A22	16	4	1	1	1	1	GLST
56	1	17	B3A22	16	4	1	1	1	1	GLST
56	1	18	B3A22	16	4	1	1	1	1	GLST
1.5	0	1	B3A23	4	4	1	1	1	1	GLST
1.5	0	2	B3A23	4	4	1	1	1	1	GLST
1.5	0	3	B3A23	4	4	1	1	1	1	GLST
1.5	0	4	B3A23	4	4	1	1	1	1	GLST
1.5	0	5	B3A23	4	4	1	1	1	1	GLST
1.5	0	6	B3A23	4	4	1	1	1	1	GLST
1.5	0	7	B3A23	4	4	1	1	1	1	GLST
1.5	0	8	B3A23	4	4	1	1	1	1	GLST
4	0	9	B3A23	4	4	1	1	1	1	GLST
6	0	10	B3A23	4	4	1	1	1	1	GLST
12	0	11	B3A23	4	4	1	1	1	1	GLST
12	0	12	B3A23	4	4	1	1	1	1	GLST
12	0	13	B3A23	4	4	1	1	1	1	GLST
12	0	14	B3A23	4	4	1	1	1	1	GLST
12	0	15	B3A23	4	4	1	1	1	1	GLST
12	0	16	B3A23	4	4	1	1	1	1	GLST
17	0	17	B3A23	4	4	1	1	1	1	GLST
17	0	18	B3A23	4	4	1	1	1	1	GLST
1.5	0	1	B3A24	16	3	1	1	1	0	GLS
1.5	0	2	B3A24	16	3	1	1	1	0	GLS
1.5	0	3	B3A24	16	3	1	1	1	0	GLS
1.5	0	4	B3A24	16	3	1	1	1	0	GLS
1.5	0	5	B3A24	16	3	1	1	1	0	GLS
4	0	6	B3A24	16	3	1	1	1	0	GLS
4	0	7	B3A24	16	3	1	1	1	0	GLS
4	0	8	B3A24	16	3	1	1	1	0	GLS
12	0	9	B3A24	16	3	1	1	1	0	GLS
22	0	10	B3A24	16	3	1	1	1	0	GLS
22	0	11	B3A24	16	3	1	1	1	0	GLS
22	0	12	B3A24	16	3	1	1	1	0	GLS
22	0	13	B3A24	16	3	1	1	1	0	GLS
26	0	14	B3A24	16	3	1	1	1	0	GLS
26	0	15	B3A24	16	3	1	1	1	0	GLS
30.5	0	16	B3A24	16	3	1	1	1	0	GLS
38.5	0	17	B3A24	16	3	1	1	1	0	GLS
38.5	0	18	B3A24	16	3	1	1	1	0	GLS
54	0	19	B3A24	16	3	1	1	1	0	GLS
54	0	20	B3A24	16	3	1	1	1	0	GLS
56	1	21	B3A24	16	3	1	1	1	0	GLS
1.5	0	1	B4A01	60	4	1	1	1	1	GLST
1.5	0	2	B4A01	60	4	1	1	1	1	GLST
1.5	0	3	B4A01	60	4	1	1	1	1	GLST
1.5	0	4	B4A01	60	4	1	1	1	1	GLST
1.5	0	5	B4A01	60	4	1	1	1	1	GLST
4	0	6	B4A01	60	4	1	1	1	1	GLST
17	0	7	B4A01	60	4	1	1	1	1	GLST
17	0	8	B4A01	60	4	1	1	1	1	GLST
17	0	9	B4A01	60	4	1	1	1	1	GLST
17	0	10	B4A01	60	4	1	1	1	1	GLST
17	0	11	B4A01	60	4	1	1	1	1	GLST
17	0	12	B4A01	60	4	1	1	1	1	GLST
29	0	13	B4A01	60	4	1	1	1	1	GLST
33.5	0	14	B4A01	60	4	1	1	1	1	GLST
33.5	0	15	B4A01	60	4	1	1	1	1	GLST
33.5	0	16	B4A01	60	4	1	1	1	1	GLST
33.5	0	17	B4A01	60	4	1	1	1	1	GLST
33.5	0	18	B4A01	60	4	1	1	1	1	GLST
33.5	0	19	B4A01	60	4	1	1	1	1	GLST
55	1	20	B4A01	60	4	1	1	1	1	GLST
1.5	0	1	B4A02	16	3	1	0	1	1	GST
1.5	0	2	B4A02	16	3	1	0	1	1	GST
1.5	0	3	B4A02	16	3	1	0	1	1	GST
4	0	4	B4A02	16	3	1	0	1	1	GST
17	0	5	B4A02	16	3	1	0	1	1	GST
17	0	6	B4A02	16	3	1	0	1	1	GST
17	0	7	B4A02	16	3	1	0	1	1	GST
22.5	0	8	B4A02	16	3	1	0	1	1	GST
29	0	9	B4A02	16	3	1	0	1	1	GST
31	0	10	B4A02	16	3	1	0	1	1	GST
33.5	0	11	B4A02	16	3	1	0	1	1	GST
33.5	0	12	B4A02	16	3	1	0	1	1	GST
33.5	0	13	B4A02	16	3	1	0	1	1	GST
37	0	14	B4A02	16	3	1	0	1	1	GST
37	0	15	B4A02	16	3	1	0	1	1	GST
42	0	16	B4A02	16	3	1	0	1	1	GST
42	0	17	B4A02	16	3	1	0	1	1	GST
42	0	18	B4A02	16	3	1	0	1	1	GST
55	1	19	B4A02	16	3	1	0	1	1	GST
1.5	0	1	B4A04	4	4	1	1	1	1	GLST
1.5	0	2	B4A04	4	4	1	1	1	1	GLST
1.5	0	3	B4A04	4	4	1	1	1	1	GLST
1.5	0	4	B4A04	4	4	1	1	1	1	GLST
1.5	0	5	B4A04	4	4	1	1	1	1	GLST
17	0	6	B4A04	4	4	1	1	1	1	GLST
17	0	7	B4A04	4	4	1	1	1	1	GLST
17	0	8	B4A04	4	4	1	1	1	1	GLST
17	0	9	B4A04	4	4	1	1	1	1	GLST
17	0	10	B4A04	4	4	1	1	1	1	GLST
17	0	11	B4A04	4	4	1	1	1	1	GLST
17	0	12	B4A04	4	4	1	1	1	1	GLST
17	0	13	B4A04	4	4	1	1	1	1	GLST
17	0	14	B4A04	4	4	1	1	1	1	GLST
26	0	15	B4A04	4	4	1	1	1	1	GLST
29	0	16	B4A04	4	4	1	1	1	1	GLST
29	0	17	B4A04	4	4	1	1	1	1	GLST
31	0	18	B4A04	4	4	1	1	1	1	GLST
33.5	0	19	B4A04	4	4	1	1	1	1	GLST
42	0	20	B4A04	4	4	1	1	1	1	GLST
1.5	0	1	B4A06	8	1	0	0	1	0	S
1.5	0	2	B4A06	8	1	0	0	1	0	S
1.5	0	3	B4A06	8	1	0	0	1	0	S
4	0	4	B4A06	8	1	0	0	1	0	S
4	0	5	B4A06	8	1	0	0	1	0	S
4	0	6	B4A06	8	1	0	0	1	0	S
10	0	7	B4A06	8	1	0	0	1	0	S
10	0	8	B4A06	8	1	0	0	1	0	S
17	0	9	B4A06	8	1	0	0	1	0	S
17	0	10	B4A06	8	1	0	0	1	0	S
17	0	11	B4A06	8	1	0	0	1	0	S
17	0	12	B4A06	8	1	0	0	1	0	S
17	0	13	B4A06	8	1	0	0	1	0	S
17	0	14	B4A06	8	1	0	0	1	0	S
17	0	15	B4A06	8	1	0	0	1	0	S
17	0	16	B4A06	8	1	0	0	1	0	S
17	0	17	B4A06	8	1	0	0	1	0	S
17	0	18	B4A06	8	1	0	0	1	0	S
37	0	19	B4A06	8	1	0	0	1	0	S
42	0	20	B4A06	8	1	0	0	1	0	S
42	0	21	B4A06	8	1	0	0	1	0	S
55	1	22	B4A06	8	1	0	0	1	0	S
1.5	0	1	B4A07	4	2	0	1	0	1	LT
1.5	0	2	B4A07	4	2	0	1	0	1	LT
1.5	0	3	B4A07	4	2	0	1	0	1	LT
1.5	0	4	B4A07	4	2	0	1	0	1	LT
1.5	0	5	B4A07	4	2	0	1	0	1	LT
17	0	6	B4A07	4	2	0	1	0	1	LT
17	0	7	B4A07	4	2	0	1	0	1	LT
17	0	8	B4A07	4	2	0	1	0	1	LT
29	0	9	B4A07	4	2	0	1	0	1	LT
29	0	10	B4A07	4	2	0	1	0	1	LT
37	0	11	B4A07	4	2	0	1	0	1	LT
37	0	12	B4A07	4	2	0	1	0	1	LT
42	0	13	B4A07	4	2	0	1	0	1	LT
42	0	14	B4A07	4	2	0	1	0	1	LT
42	0	15	B4A07	4	2	0	1	0	1	LT
55	1	16	B4A07	4	2	0	1	0	1	LT
55	1	17	B4A07	4	2	0	1	0	1	LT
55	1	18	B4A07	4	2	0	1	0	1	LT
55	1	19	B4A07	4	2	0	1	0	1	LT
55	1	20	B4A07	4	2	0	1	0	1	LT
55	1	21	B4A07	4	2	0	1	0	1	LT
55	1	22	B4A07	4	2	0	1	0	1	LT
55	1	23	B4A07	4	2	0	1	0	1	LT
1.5	0	1	B4A08	8	2	1	0	1	0	GS
1.5	0	2	B4A08	8	2	1	0	1	0	GS
1.5	0	3	B4A08	8	2	1	0	1	0	GS
1.5	0	4	B4A08	8	2	1	0	1	0	GS
1.5	0	5	B4A08	8	2	1	0	1	0	GS
1.5	0	6	B4A08	8	2	1	0	1	0	GS
8	0	7	B4A08	8	2	1	0	1	0	GS
8	0	8	B4A08	8	2	1	0	1	0	GS
17	0	9	B4A08	8	2	1	0	1	0	GS
17	0	10	B4A08	8	2	1	0	1	0	GS
17	0	11	B4A08	8	2	1	0	1	0	GS
17	0	12	B4A08	8	2	1	0	1	0	GS
31	0	13	B4A08	8	2	1	0	1	0	GS
37	0	14	B4A08	8	2	1	0	1	0	GS
37	0	15	B4A08	8	2	1	0	1	0	GS
42	0	16	B4A08	8	2	1	0	1	0	GS
42	0	17	B4A08	8	2	1	0	1	0	GS
42	0	18	B4A08	8	2	1	0	1	0	GS
46	0	19	B4A08	8	2	1	0	1	0	GS
1.5	0	1	B4A09	1	1	0	1	0	0	L
1.5	0	2	B4A09	1	1	0	1	0	0	L
1.5	0	3	B4A09	1	1	0	1	0	0	L
1.5	0	4	B4A09	1	1	0	1	0	0	L
17	0	5	B4A09	1	1	0	1	0	0	L
17	0	6	B4A09	1	1	0	1	0	0	L
17	0	7	B4A09	1	1	0	1	0	0	L
17	0	8	B4A09	1	1	0	1	0	0	L
17	0	9	B4A09	1	1	0	1	0	0	L
17	0	10	B4A09	1	1	0	1	0	0	L
17	0	11	B4A09	1	1	0	1	0	0	L
29	0	12	B4A09	1	1	0	1	0	0	L
37	0	13	B4A09	1	1	0	1	0	0	L
37	0	14	B4A09	1	1	0	1	0	0	L
42	0	15	B4A09	1	1	0	1	0	0	L
49.5	0	16	B4A09	1	1	0	1	0	0	L
55	1	17	B4A09	1	1	0	1	0	0	L
55	1	18	B4A09	1	1	0	1	0	0	L
55	1	19	B4A09	1	1	0	1	0	0	L
55	1	20	B4A09	1	1	0	1	0	0	L
55	1	21	B4A09	1	1	0	1	0	0	L
1.5	0	1	B4A10	8	3	1	0	1	1	GST
1.5	0	2	B4A10	8	3	1	0	1	1	GST
1.5	0	3	B4A10	8	3	1	0	1	1	GST
1.5	0	4	B4A10	8	3	1	0	1	1	GST
1.5	0	5	B4A10	8	3	1	0	1	1	GST
1.5	0	6	B4A10	8	3	1	0	1	1	GST
1.5	0	7	B4A10	8	3	1	0	1	1	GST
1.5	0	8	B4A10	8	3	1	0	1	1	GST
17	0	9	B4A10	8	3	1	0	1	1	GST
17	0	10	B4A10	8	3	1	0	1	1	GST
17	0	11	B4A10	8	3	1	0	1	1	GST
26	0	12	B4A10	8	3	1	0	1	1	GST
29	0	13	B4A10	8	3	1	0	1	1	GST
29	0	14	B4A10	8	3	1	0	1	1	GST
29	0	15	B4A10	8	3	1	0	1	1	GST
31	0	16	B4A10	8	3	1	0	1	1	GST
42	0	17	B4A10	8	3	1	0	1	1	GST
46	0	18	B4A10	8	3	1	0	1	1	GST
46	0	19	B4A10	8	3	1	0	1	1	GST
46	0	20	B4A10	8	3	1	0	1	1	GST
1.5	0	1	B4A11	4	3	1	1	0	1	GLT
1.5	0	2	B4A11	4	3	1	1	0	1	GLT
1.5	0	3	B4A11	4	3	1	1	0	1	GLT
1.5	0	4	B4A11	4	3	1	1	0	1	GLT
1.5	0	5	B4A11	4	3	1	1	0	1	GLT
1.5	0	6	B4A11	4	3	1	1	0	1	GLT
17	0	7	B4A11	4	3	1	1	0	1	GLT
17	0	8	B4A11	4	3	1	1	0	1	GLT
17	0	9	B4A11	4	3	1	1	0	1	GLT
17	0	10	B4A11	4	3	1	1	0	1	GLT
17	0	11	B4A11	4	3	1	1	0	1	GLT
31	0	12	B4A11	4	3	1	1	0	1	GLT
37	0	13	B4A11	4	3	1	1	0	1	GLT
37	0	14	B4A11	4	3	1	1	0	1	GLT
42	0	15	B4A11	4	3	1	1	0	1	GLT
55	1	16	B4A11	4	3	1	1	0	1	GLT
55	1	17	B4A11	4	3	1	1	0	1	GLT
55	1	18	B4A11	4	3	1	1	0	1	GLT
55	1	19	B4A11	4	3	1	1	0	1	GLT
55	1	20	B4A11	4	3	1	1	0	1	GLT
55	1	21	B4A11	4	3	1	1	0	1	GLT
1.5	0	1	B4A12	1	1	1	0	0	0	G
1.5	0	2	B4A12	1	1	1	0	0	0	G
1.5	0	3	B4A12	1	1	1	0	0	0	G
1.5	0	4	B4A12	1	1	1	0	0	0	G
1.5	0	5	B4A12	1	1	1	0	0	0	G
10	0	6	B4A12	1	1	1	0	0	0	G
10	0	7	B4A12	1	1	1	0	0	0	G
17	0	8	B4A12	1	1	1	0	0	0	G
17	0	9	B4A12	1	1	1	0	0	0	G
29	0	10	B4A12	1	1	1	0	0	0	G
31	0	11	B4A12	1	1	1	0	0	0	G
31	0	12	B4A12	1	1	1	0	0	0	G
55	1	13	B4A12	1	1	1	0	0	0	G
55	1	14	B4A12	1	1	1	0	0	0	G
55	1	15	B4A12	1	1	1	0	0	0	G
55	1	16	B4A12	1	1	1	0	0	0	G
55	1	17	B4A12	1	1	1	0	0	0	G
55	1	18	B4A12	1	1	1	0	0	0	G
55	1	19	B4A12	1	1	1	0	0	0	G
1.5	0	1	B4A13	1	1	0	0	0	1	T
1.5	0	2	B4A13	1	1	0	0	0	1	T
1.5	0	3	B4A13	1	1	0	0	0	1	T
1.5	0	4	B4A13	1	1	0	0	0	1	T
1.5	0	5	B4A13	1	1	0	0	0	1	T
1.5	0	6	B4A13	1	1	0	0	0	1	T
1.5	0	7	B4A13	1	1	0	0	0	1	T
1.5	0	8	B4A13	1	1	0	0	0	1	T
1.5	0	9	B4A13	1	1	0	0	0	1	T
1.5	0	10	B4A13	1	1	0	0	0	1	T
1.5	0	11	B4A13	1	1	0	0	0	1	T
4	0	12	B4A13	1	1	0	0	0	1	T
8	0	13	B4A13	1	1	0	0	0	1	T
17	0	14	B4A13	1	1	0	0	0	1	T
17	0	15	B4A13	1	1	0	0	0	1	T
17	0	16	B4A13	1	1	0	0	0	1	T
17	0	17	B4A13	1	1	0	0	0	1	T
22.5	0	18	B4A13	1	1	0	0	0	1	T
22.5	0	19	B4A13	1	1	0	0	0	1	T
29	0	20	B4A13	1	1	0	0	0	1	T
37	0	21	B4A13	1	1	0	0	0	1	T
1.5	0	1	B4A14	2	1	0	0	1	0	S
1.5	0	2	B4A14	2	1	0	0	1	0	S
1.5	0	3	B4A14	2	1	0	0	1	0	S
1.5	0	4	B4A14	2	1	0	0	1	0	S
1.5	0	5	B4A14	2	1	0	0	1	0	S
1.5	0	6	B4A14	2	1	0	0	1	0	S
1.5	0	7	B4A14	2	1	0	0	1	0	S
4	0	8	B4A14	2	1	0	0	1	0	S
6	0	9	B4A14	2	1	0	0	1	0	S
8	0	10	B4A14	2	1	0	0	1	0	S
10	0	11	B4A14	2	1	0	0	1	0	S
10	0	12	B4A14	2	1	0	0	1	0	S
17	0	13	B4A14	2	1	0	0	1	0	S
17	0	14	B4A14	2	1	0	0	1	0	S
22.5	0	15	B4A14	2	1	0	0	1	0	S
26	0	16	B4A14	2	1	0	0	1	0	S
37	0	17	B4A14	2	1	0	0	1	0	S
49.5	0	18	B4A14	2	1	0	0	1	0	S
55	1	19	B4A14	2	1	0	0	1	0	S
55	1	20	B4A14	2	1	0	0	1	0	S
55	1	21	B4A14	2	1	0	0	1	0	S
1.5	0	1	B4A15	2	2	0	1	1	0	LS
1.5	0	2	B4A15	2	2	0	1	1	0	LS
1.5	0	3	B4A15	2	2	0	1	1	0	LS
1.5	0	4	B4A15	2	2	0	1	1	0	LS
1.5	0	5	B4A15	2	2	0	1	1	0	LS
1.5	0	6	B4A15	2	2	0	1	1	0	LS
6	0	7	B4A15	2	2	0	1	1	0	LS
12	0	8	B4A15	2	2	0	1	1	0	LS
12	0	9	B4A15	2	2	0	1	1	0	LS
12	0	10	B4A15	2	2	0	1	1	0	LS
12	0	11	B4A15	2	2	0	1	1	0	LS
17	0	12	B4A15	2	2	0	1	1	0	LS
17	0	13	B4A15	2	2	0	1	1	0	LS
17	0	14	B4A15	2	2	0	1	1	0	LS
17	0	15	B4A15	2	2	0	1	1	0	LS
17	0	16	B4A15	2	2	0	1	1	0	LS
17	0	17	B4A15	2	2	0	1	1	0	LS
17	0	18	B4A15	2	2	0	1	1	0	LS
26	0	19	B4A15	2	2	0	1	1	0	LS
29	0	20	B4A15	2	2	0	1	1	0	LS
1.5	0	1	B4A16	8	4	1	1	1	1	GLST
1.5	0	2	B4A16	8	4	1	1	1	1	GLST
1.5	0	3	B4A16	8	4	1	1	1	1	GLST
1.5	0	4	B4A16	8	4	1	1	1	1	GLST
1.5	0	5	B4A16	8	4	1	1	1	1	GLST
1.5	0	6	B4A16	8	4	1	1	1	1	GLST
12	0	7	B4A16	8	4	1	1	1	1	GLST
17	0	8	B4A16	8	4	1	1	1	1	GLST
17	0	9	B4A16	8	4	1	1	1	1	GLST
17	0	10	B4A16	8	4	1	1	1	1	GLST
17	0	11	B4A16	8	4	1	1	1	1	GLST
29	0	12	B4A16	8	4	1	1	1	1	GLST
29	0	13	B4A16	8	4	1	1	1	1	GLST
29	0	14	B4A16	8	4	1	1	1	1	GLST
29	0	15	B4A16	8	4	1	1	1	1	GLST
55	1	16	B4A16	8	4	1	1	1	1	GLST
55	1	17	B4A16	8	4	1	1	1	1	GLST
55	1	18	B4A16	8	4	1	1	1	1	GLST
55	1	19	B4A16	8	4	1	1	1	1	GLST
55	1	20	B4A16	8	4	1	1	1	1	GLST
1.5	0	1	B4A17	2	1	0	0	0	1	T
1.5	0	2	B4A17	2	1	0	0	0	1	T
1.5	0	3	B4A17	2	1	0	0	0	1	T
1.5	0	4	B4A17	2	1	0	0	0	1	T
1.5	0	5	B4A17	2	1	0	0	0	1	T
1.5	0	6	B4A17	2	1	0	0	0	1	T
1.5	0	7	B4A17	2	1	0	0	0	1	T
1.5	0	8	B4A17	2	1	0	0	0	1	T
1.5	0	9	B4A17	2	1	0	0	0	1	T
6	0	10	B4A17	2	1	0	0	0	1	T
6	0	11	B4A17	2	1	0	0	0	1	T
6	0	12	B4A17	2	1	0	0	0	1	T
10	0	13	B4A17	2	1	0	0	0	1	T
10	0	14	B4A17	2	1	0	0	0	1	T
10	0	15	B4A17	2	1	0	0	0	1	T
17	0	16	B4A17	2	1	0	0	0	1	T
17	0	17	B4A17	2	1	0	0	0	1	T
17	0	18	B4A17	2	1	0	0	0	1	T
55	1	19	B4A17	2	1	0	0	0	1	T
55	1	20	B4A17	2	1	0	0	0	1	T
1.5	0	1	B4A18	16	4	1	1	1	1	GLST
1.5	0	2	B4A18	16	4	1	1	1	1	GLST
1.5	0	3	B4A18	16	4	1	1	1	1	GLST
1.5	0	4	B4A18	16	4	1	1	1	1	GLST
1.5	0	5	B4A18	16	4	1	1	1	1	GLST
1.5	0	6	B4A18	16	4	1	1	1	1	GLST
17	0	7	B4A18	16	4	1	1	1	1	GLST
17	0	8	B4A18	16	4	1	1	1	1	GLST
17	0	9	B4A18	16	4	1	1	1	1	GLST
17	0	10	B4A18	16	4	1	1	1	1	GLST
29	0	11	B4A18	16	4	1	1	1	1	GLST
29	0	12	B4A18	16	4	1	1	1	1	GLST
29	0	13	B4A18	16	4	1	1	1	1	GLST
33.5	0	14	B4A18	16	4	1	1	1	1	GLST
33.5	0	15	B4A18	16	4	1	1	1	1	GLST
42	0	16	B4A18	16	4	1	1	1	1	GLST
42	0	17	B4A18	16	4	1	1	1	1	GLST
55	1	18	B4A18	16	4	1	1	1	1	GLST
55	1	19	B4A18	16	4	1	1	1	1	GLST
55	1	20	B4A18	16	4	1	1	1	1	GLST
55	1	21	B4A18	16	4	1	1	1	1	GLST
55	1	22	B4A18	16	4	1	1	1	1	GLST
55	1	23	B4A18	16	4	1	1	1	1	GLST
55	1	24	B4A18	16	4	1	1	1	1	GLST
1.5	0	1	B4A20	16	2	0	1	0	1	LT
1.5	0	2	B4A20	16	2	0	1	0	1	LT
1.5	0	3	B4A20	16	2	0	1	0	1	LT
1.5	0	4	B4A20	16	2	0	1	0	1	LT
1.5	0	5	B4A20	16	2	0	1	0	1	LT
4	0	6	B4A20	16	2	0	1	0	1	LT
4	0	7	B4A20	16	2	0	1	0	1	LT
17	0	8	B4A20	16	2	0	1	0	1	LT
17	0	9	B4A20	16	2	0	1	0	1	LT
17	0	10	B4A20	16	2	0	1	0	1	LT
17	0	11	B4A20	16	2	0	1	0	1	LT
17	0	12	B4A20	16	2	0	1	0	1	LT
17	0	13	B4A20	16	2	0	1	0	1	LT
26	0	14	B4A20	16	2	0	1	0	1	LT
26	0	15	B4A20	16	2	0	1	0	1	LT
29	0	16	B4A20	16	2	0	1	0	1	LT
29	0	17	B4A20	16	2	0	1	0	1	LT
37	0	18	B4A20	16	2	0	1	0	1	LT
37	0	19	B4A20	16	2	0	1	0	1	LT
42	0	20	B4A20	16	2	0	1	0	1	LT
49.5	0	21	B4A20	16	2	0	1	0	1	LT
1.5	0	1	B4A21	2	2	0	1	0	1	LT
1.5	0	2	B4A21	2	2	0	1	0	1	LT
1.5	0	3	B4A21	2	2	0	1	0	1	LT
1.5	0	4	B4A21	2	2	0	1	0	1	LT
1.5	0	5	B4A21	2	2	0	1	0	1	LT
1.5	0	6	B4A21	2	2	0	1	0	1	LT
1.5	0	7	B4A21	2	2	0	1	0	1	LT
1.5	0	8	B4A21	2	2	0	1	0	1	LT
1.5	0	9	B4A21	2	2	0	1	0	1	LT
8	0	10	B4A21	2	2	0	1	0	1	LT
8	0	11	B4A21	2	2	0	1	0	1	LT
8	0	12	B4A21	2	2	0	1	0	1	LT
8	0	13	B4A21	2	2	0	1	0	1	LT
12	0	14	B4A21	2	2	0	1	0	1	LT
12	0	15	B4A21	2	2	0	1	0	1	LT
12	0	16	B4A21	2	2	0	1	0	1	LT
12	0	17	B4A21	2	2	0	1	0	1	LT
17	0	18	B4A21	2	2	0	1	0	1	LT
17	0	19	B4A21	2	2	0	1	0	1	LT
22.5	0	20	B4A21	2	2	0	1	0	1	LT
37	0	21	B4A21	2	2	0	1	0	1	LT
1.5	0	1	B4A22	4	1	0	0	0	1	T
1.5	0	2	B4A22	4	1	0	0	0	1	T
1.5	0	3	B4A22	4	1	0	0	0	1	T
1.5	0	4	B4A22	4	1	0	0	0	1	T
1.5	0	5	B4A22	4	1	0	0	0	1	T
1.5	0	6	B4A22	4	1	0	0	0	1	T
1.5	0	7	B4A22	4	1	0	0	0	1	T
1.5	0	8	B4A22	4	1	0	0	0	1	T
6	0	9	B4A22	4	1	0	0	0	1	T
6	0	10	B4A22	4	1	0	0	0	1	T
10	0	11	B4A22	4	1	0	0	0	1	T
10	0	12	B4A22	4	1	0	0	0	1	T
10	0	13	B4A22	4	1	0	0	0	1	T
10	0	14	B4A22	4	1	0	0	0	1	T
10	0	15	B4A22	4	1	0	0	0	1	T
10	0	16	B4A22	4	1	0	0	0	1	T
12	0	17	B4A22	4	1	0	0	0	1	T
12	0	18	B4A22	4	1	0	0	0	1	T
26	0	19	B4A22	4	1	0	0	0	1	T