y
2.514542
2.559668
2.460061
2.70272
2.571997
2.412833
2.451872
2.241998
2.537403
2.845045
2.582622
2.396329
2.292031
2.322484
2.097015
2.390297
2.465442
2.158843
2.422223
1.903978
2.922274
2.596121
2.415086
2.945534
2.762524
2.402222
2.482827
2.644003
2.081546
2.239864
2.824415
2.109007
2.721783
2.190121
2.623291
2.183855
2.076285
2.220165
2.654196
2.488961
2.82447
2.307361
1.937146
2.507694
2.136956
2.890469
2.294658
2.448915
2.236754
2.179386
2.373164
2.175082
2.536774
2.567168
2.247568
2.149282
2.059432
2.077131
1.906798
2.609252
2.217043
2.140605
2.346185
2.439249
2.599028
2.283651
2.451893
2.595381
2.566859
2.537191
2.369505
2.249943
2.585695
2.281581
2.557486
2.413188
2.4955
2.381485
2.984053
2.342899
2.43193
2.000298
2.220095
2.377481
2.328721
2.642713
2.552261
1.985627
2.772203
2.336182
2.729194
2.200713
2.33726
2.546616
2.741588
2.420495
2.83425
2.541672
2.395475
2.333454
