mass
2.9518345
3.9388473
2.0611947
2.5501953
2.3085359
3.6021186
2.5097325
3.3458444
3.0430528
10.4347281
2.7026414
7.5957317
3.8394892
4.0748238
3.8787315
3.2189439
4.0542754
3.7460869
3.4951031
5.0324187
4.2518845
7.7635849
1.9258159
1.3409598
3.3215834
2.8389649
4.3681919
1.5072993
1.4334211
4.222746
4.3911903
2.7596659
2.0505925
3.2170536
8.6241934
8.5471231
1.1395587
7.4534604
5.1878536
3.1787636
10.0166548
4.9553171
3.1077923
4.9067434
4.5816825
3.3348609
1.5241676
1.7360338
5.1173866
3.8177061
8.8730337
8.8916411
6.3002191
3.202906
5.3223872
2.8805777
4.2201919
15.532156
3.0169468
3.7661819
6.9947156
5.2999819
6.8641697
7.9685238
2.0759022
5.8306407
5.9984629
3.7660152
1.6240323
4.1434851
2.8960964
2.6784146
3.1781631
2.9641222
2.6806397
2.3405723
1.8714592
5.6135622
6.3033591
5.6260477
2.181948
8.3439134
3.2117282
1.4806274
2.3164924
5.2489198
2.4870267
6.618619
5.6141725
3.3489726
3.6710012
1.6087058
2.6110378
5.0006981
2.7134779
2.066166
6.6617576
2.4676576
4.1298227
6.8662709
5.8924198
5.2810988
4.521661
2.8839952
2.6382683
9.4221469
2.567415
4.78724
3.9322943
4.2152738
4.0373169
4.2787065
2.5878252
2.0108109
3.2545508
0.9091306
5.4486562
4.313952
2.7907841
9.4735996
1.8022357
5.611349
2.8458236
3.2569113
5.8257501
1.0718122
5.0398585
2.1130899
3.9980808
2.164855
3.8745264
3.0153226
3.3968946
5.292036
6.7801422
3.2649999
2.5488462
2.9536965
6.2201573
7.1046948
2.4807249
8.1203447
3.63408
2.8308505
5.2458368
3.7117574
2.955315
5.5709552
1.2238246
1.9011773
5.5648233
1.8503191
0.8904525
4.621527
3.5956579
1.9583989
9.7676448
1.8768076
3.1782186
7.7297411
4.5189492
3.9849149
4.1137594
4.24139
4.9340905
4.1768136
5.4440393
3.8201072
4.443273
5.1148079
2.8588517
4.2338794
4.9317477
4.3737888
2.2869107
9.2577784
3.3010511
6.3451917
1.7382654
4.8416376
3.6234582
2.9694476
4.0276265
1.7913988
7.2623669
4.2529559
3.1140006
6.7106612
1.9123473
2.7128674
4.6545161
4.0169165
1.0512623
3.6953352
4.8657693
4.3212
3.8120598
3.4547145
6.1779445
3.8245089
4.2589977
3.1525031
4.1787425
5.2850202
3.1624593
1.5299445
1.8431052
5.1984571
3.3271134
5.9822611
8.5524772
4.4215559
9.7707913
4.6400718
10.3608386
3.7908427
3.8349174
4.0443578
3.6383255
5.2811999
2.5151011
6.0024412
4.4977425
4.4691735
5.0115394
3.2613598
0.9758006
2.6014184
1.6510634
1.3329671
6.9591673
4.5080408
4.6077752
4.9633771
1.6533104
10.150465
5.9882372
2.512263
8.0126831
2.4067788
1.500168
2.8341068
2.8068887
6.27132
3.8074231
1.4574121
5.1225551
4.2774953
1.6103354
0.8167878
