2.931976
1.97325
11.49197
9.56038
5.47102
8.623476
8.685438
8.651915
0.6546111
3.089744
10.33370
8.60145
9.205245
8.20293
9.339611
7.161954
9.057798
10.29884
3.009405
3.443678
5.50916
4.252419
7.702536
7.889237
15.95945
16.44689
15.11457
14.20590
-0.9675482
1.316181
2.257315
1.016741
3.683708
5.345854
10.96059
9.211966
-2.367217
-2.617069
4.782451
6.781965
-0.1580090
0.5469524
-5.824636
-4.913289
2.469609
3.925231
5.930818
6.177097
0.2408809
-0.6262169
12.14130
11.28451
3.889001
3.062009
5.114142
6.254321
17.29157
17.61410
12.33674
12.71124
6.930511
8.970245
5.061371
4.094496
13.15128
9.98206
16.82954
15.64897
5.5915
6.625825
7.67721
9.438331
10.17838
9.854667
15.83574
16.04795
17.59041
17.06978
21.41043
20.77623
13.92992
13.29781
10.48642
10.20385
5.050721
5.101909
2.588603
1.939759
15.88598
15.80123
8.730499
10.31783
11.79619
10.61792
7.272852
8.05275
12.83133
14.12933
13.42147
13.51891
10.04680
9.736778
5.81597
7.120432
5.29669
4.881556
13.32776
12.35609
10.59655
8.603478
16.11828
13.38619
6.946795
6.035718
7.330182
7.34243
4.964934
4.490063
8.375866
7.926883
4.524618
3.908836
7.698618
7.271815
7.732654
6.950461
7.291603
7.376655
6.223987
6.421549
6.720574
6.514431
12.27540
11.28503
10.32654
12.19088
0.1230862
-2.226219
10.75474
8.092907
5.466189
4.350244
7.329328
5.004506
9.651754
6.979158
12.86036
9.338533
11.97181
12.06635
16.19167
16.64163
0.09043476
1.922700
7.32739
8.855077
7.792822
9.415595
12.73861
13.72566
14.17664
12.70903
17.42309
19.65301
3.712523
1.793049
9.462633
7.823644
5.350764
7.02602
14.70432
12.96801
8.037947
7.873222
15.07568
15.74038
2.950818
1.854317
-1.230983
0.3866704
9.113298
10.37788
4.126944
4.993589
4.277793
4.325160
9.05001
6.265027
6.45585
5.339131
10.72692
7.52277
7.498322
6.093293
11.31987
8.257808
8.532522
11.28820
6.525657
4.604468
6.272933
7.2606
10.09756
11.53824
8.838888
5.613954
5.298519
6.952348
9.440736
8.801705
18.63937
18.03424
8.717267
7.212281
6.121519
4.554009
-1.010904
-1.724694
14.11836
14.10022
9.784428
10.00574
16.96062
16.69875
5.263446
7.70202
10.54721
8.229428
8.464727
6.715305
11.29102
10.10715
8.722023
8.846292
10.03086
11.70805
12.24633
9.882803
15.65399
15.80486
15.04297
12.04193
14.29167
13.81181
4.496681
2.499593
8.296005
9.178838
8.266163
7.612333
10.65192
10.98048
2.276241
3.609023
11.41153
12.55217
15.37196
16.15089
12.88834
12.39932
11.00296
12.90677
18.67726
18.57226
10.36540
12.59166
16.36757
17.35243
12.69439
13.66685
4.105599
3.843557
17.07456
18.90486
20.60423
22.16105
11.79154
11.12298
11.42197
10.91060
9.472342
10.08936
15.38658
15.50479
16.83595
16.76950
17.30413
20.39743
14.64693
14.33312
7.320464
9.202967
12.97431
13.03795
8.521186
9.311597
6.518442
8.678718
20.28437
19.16968
6.237117
5.367258
5.528889
5.29219
5.697431
6.65167
2.625924
4.88896
22.01383
20.34805
20.92690
19.38973
14.93445
12.14203
10.99082
11.93264
13.18032
11.85519
11.68531
13.03221
6.968313
6.939623
20.16553
18.48211
18.97289
17.87843
7.59668
7.063773
14.46039
15.75009
19.51279
20.13973
8.435766
8.070272
8.581551
7.843351
3.735482
1.984617
10.83871
12.73279
6.700656
7.17234
15.85907
13.11067
3.10637
1.884607
8.165775
9.127258
9.483167
9.49219
7.572666
4.371204
8.390918
7.261454
5.923825
6.899285
-5.266609
-7.455701
6.49494
7.892558
15.28612
15.92153
15.63253
16.56778
10.35332
10.08942
5.55313
5.842975
3.141253
3.682169
7.985907
9.112866
11.97487
12.92496
10.22645
9.731198
16.02996
15.70337
15.18039
16.09181
4.131196
2.850971
13.19097
12.10171
15.00704
13.74981
19.31113
18.97182
23.1444
22.99625
24.11514
21.18131
23.03201
22.09481
18.48608
19.43883
22.51543
23.14012
16.37497
16.43577
15.71916
14.97700
18.58976
18.71888
20.32800
18.84436
20.52197
18.81531
19.73553
18.24362
22.05101
22.74389
19.31622
19.61714
24.22938
24.02419
18.38957
19.19195
17.55676
17.48115
11.56159
10.57342
20.5375
18.09982
21.34350
22.18359
26.86363
26.16029
21.02848
21.74174
22.58722
24.34906
0.7851873
-0.7870098
-0.3996698
-0.04361667
3.769899
4.768848
9.918313
10.40246
-2.455314
-2.653406
6.136542
5.000508
6.082184
6.365431
9.74133
8.462879
0.889805
0.82416
7.259879
6.054726
4.879608
5.583742
12.26353
10.42731
2.270347
2.987201
13.90061
11.86134
2.154502
0.6113469
10.47688
11.1381
1.965014
1.362450
3.038368
3.463374
3.109075
4.359815
4.252312
4.788843
6.641219
6.771794
18.13769
16.86538
3.243209
3.297597
3.492748
4.318603
10.83899
10.74398
-5.995662
-5.720972
3.411692
2.750063
14.02558
16.86306
-5.121532
-4.822166
4.478763
3.754694
1.262299
2.042517
1.011608
3.334300
5.625617
1.701853
5.223379
3.291389
5.546665
6.179294
7.928873
7.325108
-0.6855158
1.890055
7.988918
9.114934
4.783251
5.008456
6.017368
6.338402
4.355411
5.331713
11.40744
9.389606
4.154893
2.213831
0.8693836
0.0552342
2.866993
3.350686
5.280769
6.00778
3.267141
3.875282
12.80667
13.76319
3.71567
6.668209
-0.1248131
0.0481651
3.904872
3.740832
12.22875
10.23562
5.356734
4.743605
8.70343
9.456564
4.524982
5.779676
-0.8482898
-0.1220033
3.685506
2.837381
12.46784
12.23195
1.140385
2.015011
7.843105
8.72593
16.96599
18.19799
14.06588
16.46657
11.60902
12.21557
9.375057
7.627698
-4.966172
-5.312558
1.997901
-0.3315852
5.523737
3.478205
10.28099
10.41279
0.3772655
0.04533995
12.53490
13.09883
7.324318
7.618431
3.950875
6.160392
3.655643
3.614632
6.71501
5.427326
4.292076
3.310406
6.158008
5.56888
7.133915
6.750928
1.405657
-0.7911377
6.043294
6.394492
10.28157
9.281652
8.172423
7.829387
5.74202
6.832192
3.038024
4.582878
10.34856
10.11196
10.24136
10.25577
6.639266
5.933618
5.464124
4.635215
1.794095
3.758135
4.2959
6.362983
3.480704
5.286219
-1.448650
1.947974
-0.8779112
0.01732961
10.40627
12.19658
22.78645
21.42766
5.008106
6.512474
0.9273176
0.2766503
11.39660
9.986232
13.24817
12.16902
13.52018
10.89312
4.834806
5.849589
7.959928
6.422449
8.698514
9.788254
-1.14731
-2.679803
1.889402
2.342613
11.51546
11.75248
6.204836
6.663056
15.30897
12.76377
14.19789
16.35176
0.6889424
-0.8143997
3.499631
2.604763
11.20482
12.40222
14.22306
15.09658
7.106125
6.604842
3.265394
3.396803
0.1199466
-0.912007
13.44217
12.61209
1.870064
3.812554
9.610262
10.79777
20.74830
20.72624
12.07150
14.02168
-0.2216677
0.2410860
3.089242
1.568275
-7.699461
-6.22406
4.879584
6.473712
4.604292
5.453182
-1.285903
-1.395122
6.308364
4.884963
9.488825
8.786762
6.753497
7.786184
4.364968
3.044720
-0.7857512
-1.170615
8.221203
8.095932
4.748304
2.362498
5.915144
6.556974
5.621333
7.075658
3.855292
4.078626
13.13089
11.49780
12.44144
15.37409
9.452782
7.826292
2.516134
2.894869
2.956555
2.447357
5.244779
5.054076
-0.3427431
2.406499
0.1731565
-1.590243
