code	overlap	reprod	NAO	density	age
ALB93	0.51494439	0	-0.2	328	4
ALB93	0.314282485	0	0.72	347	5
ALB94	0.764509024	0	0.72	347	4
ALD01	0.259804499	0	0.12	291	4
ALD01	0.100044621	0	0.12	291	5
ALD91	0.971173761	0	3.96	265	4
ALD91	0.794936048	0	-3.78	299	5
ALD91	0.978659104	1	-0.2	328	6
ALD91	0.802634976	0	0.72	347	7
ALD91	0.607750116	1	1.7	359	8
ALD94	0.99436235	0	0.72	347	4
ALD95	0.740910794	0	1.7	359	4
ALD98	0.728341692	0	0.76	284	4
ALD98	0.784000496	1	0.2	247	5
ALD98	0.391545567	0	0.12	291	7
ANK89	0.81153865	0	2.67	297	4
ANM02	0.944834063	0	0.12	291	4
APH91	0.999969032	1	3.96	265	4
APH91	0.304395435	0	-3.78	299	5
ARI96	0.899911329	0	2.8	336	4
ARI96	0.513517101	1	-1.89	271	5
ARI96	0.931472013	0	0.76	284	6
ARI99	0.716532714	1	0.2	247	4
ASP78	0.939301603	0	0.8	272	4
ASP78	0.736363946	0	3.42	293	5
ASP78	0.866469252	0	1.6	302	6
ASP78	0.359918227	0	-0.63	307	7
AST90	0.648632495	0	3.03	243	4
AST90	0.822750907	0	3.96	265	5
AST90	0.639693325	0	-3.78	299	6
AST90	0.460425968	0	-0.2	328	7
AST90	0.751331474	0	0.72	347	8
ATH87	0.795679853	0	1.03	331	4
ATH87	0.703030711	0	2.67	297	6
ATH87	0.614707418	1	3.03	243	7
ATH87	0	0	3.96	265	8
ATH89	0.924066163	0	2.67	297	4
ATH89	0.60291478	1	3.03	243	5
ATH89	0	0	3.96	265	6
AVO89	0.295249045	0	2.67	297	4
BAC98	0.725563418	0	0.76	284	4
BAC98	0.92965536	1	0.2	247	5
BAR79	0.927668199	0	3.42	293	4
BAR79	0.558238455	0	1.6	302	5
BAR79	0.610735469	1	-0.63	307	6
BAR80	0.395556595	0	1.6	302	4
BAR80	0.406107946	1	-0.63	307	5
BCL84	0.964838891	0	0.72	325	4
BCL84	0.60664049	0	3.96	318	6
BCL84	0.938379158	0	1.03	331	7
BCL84	0.486114452	0	2.67	297	9
BCL87	0.90047426	0	1.03	331	4
BCL87	0.471214359	0	2.67	297	6
BCL93	0.935153702	0	-0.2	328	4
BEE90	0.526035749	0	3.03	243	4
BEE93	0.779240504	0	-0.2	328	4
BEE93	0.678422431	0	0.72	347	5
BEE94	0.64223034	0	0.72	347	4
BET73	0.088945665	1	0.17	296	5
BET73	0.084272371	1	-2.25	323	6
BET73	0.006282002	0	0.56	296	7
BET73	0	0	2.05	293	8
BIE01	0.911168411	0	0.12	291	4
BIE01	0.842500264	1	0.12	291	5
BIE97	0.691111503	0	-1.89	271	4
BIE97	0.848964177	0	0.76	284	5
BIE97	0.965615111	1	0.2	247	6
BIE97	0.751943888	0	0.12	291	8
BIE97	0.592608345	1	0.12	291	9
BIG76	0.539870044	0	0.56	296	4
BIG76	0.932243242	0	2.05	293	5
BLC83	0.903069549	0	-0.75	309	4
BLC83	0.523802498	0	0.72	325	5
BLC83	0.963765883	0	3.96	318	7
BLO72	0.815350032	0	1.37	251	4
BLO72	0.966557283	1	0.17	296	6
BLO72	0.280252566	0	-2.25	323	7
BLO72	0.507326312	0	0.56	296	8
BLO72	0.709075184	0	2.05	293	9
BLO72	0.702030457	1	0.8	272	10
BLO72	0.243552125	1	1.6	302	12
BLO72	0.781503322	0	-0.63	307	13
BLO75	0.808800919	0	-2.25	323	4
BLO75	0.990733199	1	0.56	296	5
BLO75	1	0	2.05	293	6
BLO75	0.425847959	0	0.8	272	7
BLO75	0.188299181	0	1.6	302	9
BLO75	0.845950438	1	-0.63	307	10
BLO80	0.7805974	0	1.6	302	4
BLO80	0.960161105	0	-0.63	307	5
BLT68	0.603819012	1	1.37	251	8
BLT68	0.550601278	0	0.17	296	10
BLT68	0.693948188	1	-2.25	323	11
BLT68	0.558792501	0	0.56	296	12
BLT69	0.527367065	1	1.37	251	7
BLT69	0.146371072	1	0.17	296	9
BLT69	0.859593495	0	-2.25	323	10
BLT69	0.336651112	0	0.56	296	11
BLT73	0.830322016	1	0.17	296	5
BLT73	0.833777242	0	-2.25	323	6
BLT73	0.671708762	1	0.56	296	7
BLT75	0.812586973	0	-2.25	323	4
BLT75	0.716000795	0	0.56	296	5
BNX93	0.962191674	0	-0.2	328	4
BNX93	0.943142768	0	0.72	347	5
BNX93	0.901997647	0	1.7	359	6
BNX93	0.831872898	0	2.8	336	7
BNX94	0.912498035	0	0.72	347	4
BNX94	0.76604413	0	1.7	359	5
BNX94	0.737517751	0	2.8	336	6
BNX95	0.963508171	0	1.7	359	4
BNX95	0.868110619	0	2.8	336	5
BOT79	0.885084174	0	3.42	293	4
BOT79	0.882410879	1	1.6	302	5
BOT79	0.149631313	0	-0.63	307	6
BR274	0.954266346	0	0.17	296	4
BR274	0.998628286	0	-2.25	323	5
BR274	0.741232993	0	0.56	296	6
BR274	0.286665118	0	2.05	293	7
BR274	0.349311185	0	0.8	272	8
BRA72	0.985087564	0	1.37	251	4
BRA72	0.870551201	0	0.17	296	6
BRA72	0.363354502	1	-2.25	323	7
BRA72	0.684471586	0	0.56	296	8
BRA72	0.957053787	0	2.05	293	9
BRA72	0.392649973	0	0.8	272	10
BRA77	0.920820189	1	2.05	293	4
BRF79	0.996728148	0	3.42	293	4
BST73	0.73731177	0	0.17	296	5
BUC82	0.666233667	0	-0.75	309	5
BUC82	0.867991512	0	0.72	325	6
BUC82	0.600462542	0	5.08	365	7
BUC82	0.867990673	1	3.96	318	8
BUL65	0.616178404	0	1.63	222	10
BUL65	0.367682004	0	1.37	251	11
BUL70	0.439278762	0	1.63	222	5
BUL70	0.398724337	1	1.37	251	6
BUL71	0.652185276	0	1.63	222	4
BUL71	0.552435555	0	1.37	251	5
BUT02	0.858578668	0	0.12	291	4
BUT96	0.92474064	0	2.8	336	4
BUT96	0.237732352	1	-1.89	271	5
BUT96	0.256725059	0	0.76	284	6
BUT96	0.360423145	1	0.2	247	7
BUT96	0.799513912	0	0.12	291	9
BUT96	0.211241452	1	0.12	291	10
BUT98	0.873331045	0	0.76	284	4
BUT98	0.673674449	0	0.2	247	5
BUT98	0.924644442	0	0.12	291	7
BUT98	0.083869032	0	0.12	291	8
CAF89	0.859307596	0	2.67	297	4
CAF89	0.899229338	0	3.03	243	5
CAF89	0.558175297	1	3.96	265	6
CAF89	0.490077596	0	-3.78	299	7
CAF89	0.853836349	0	-0.2	328	8
CAF89	0.461784512	1	0.72	347	9
CAF89	0.655562939	1	1.7	359	10
CAF93	0.982753475	0	-0.2	328	4
CAF93	0.989930566	0	0.72	347	5
CAF93	0.890018111	0	1.7	359	6
CAL82	0.86551369	0	-0.75	309	5
CAL82	0.954444375	1	0.72	325	6
CAL84	0.874655403	0	0.72	325	4
CAN80	1	0	1.6	302	4
CAN80	0.816749106	1	-0.63	307	5
CAN80	0.189916998	0	0.72	325	8
CAN80	0.930421113	1	3.96	318	10
CAN82	0.325051384	1	0.72	325	6
CAN82	0.867639674	0	3.96	318	8
CAN83	0.298498062	0	0.72	325	5
CAP84	0.895313182	0	0.72	325	4
CAP84	0.985683484	0	5.08	365	5
CCO87	0.848366124	0	1.03	331	4
CCO87	0.742298617	0	2.67	297	6
CCO87	0.454855989	0	3.03	243	7
CCO87	0.895612413	0	3.96	265	8
CCO87	0.930309076	0	-3.78	299	9
CCO87	0.890483499	0	-0.2	328	10
CCO87	0.97210335	1	0.72	347	11
CED00	0.004351862	1	0.12	291	5
CED00	0	0	0.12	291	6
CED02	0.03643693	0	0.12	291	4
CED99	0.537661854	0	0.2	247	4
CED99	0.210904625	0	0.12	291	6
CEL95	0.780790018	0	1.7	359	4
CFU82	0.844279924	0	0.72	325	6
CFU82	0.695936282	0	3.96	318	8
CGH94	0.841899888	0	0.72	347	4
CGH94	0.965690346	0	1.7	359	5
CGH94	0.649645047	0	2.8	336	6
CGH94	0.860755421	0	-1.89	271	7
CGH95	0.998525494	0	1.7	359	4
CGH95	0.980396305	0	2.8	336	5
CGH95	0.963512779	0	-1.89	271	6
CHE73	0.215883907	0	0.17	296	5
CHE73	0.118275561	0	-2.25	323	6
CHE73	0.428813474	1	0.56	296	7
CHE73	0.271342479	0	2.05	293	8
CHE73	0.096800861	0	0.8	272	9
CHE80	0.221188129	0	1.6	302	4
CHE80	0.35618386	1	-0.63	307	5
CHF01	0.589317353	0	0.12	291	4
CHO73	0.460749894	1	0.17	296	5
CHO73	0.416495425	1	-2.25	323	6
CHO73	0.680668171	0	0.56	296	7
CHO75	0.450560145	0	-2.25	323	4
CHO75	0.610839363	1	0.56	296	5
CIN76	0.99568704	0	0.56	296	4
CIN76	0.711164682	0	2.05	293	5
CIN76	0.671070427	1	0.8	272	6
CIN76	0.302106079	0	3.42	293	7
CIN76	0.549944485	0	1.6	302	8
CIN78	0.375999795	0	0.8	272	4
CIN78	0.80511287	1	3.42	293	5
CIN78	0.424325534	0	1.6	302	6
CLA85	0.795656108	0	5.08	365	4
CLA85	0.926498647	1	3.96	318	5
CLC75	0.713560605	0	-2.25	323	4
CLC75	0.204412893	1	0.56	296	5
CLC75	0.722575286	1	2.05	293	6
CLC78	0.992388622	0	0.8	272	4
CLC78	0.960763911	0	3.42	293	5
CLC78	0.98926918	0	1.6	302	6
CLC79	1	0	1.6	302	5
CLC79	0.716340682	1	-0.63	307	6
CLC80	0.990350639	0	1.6	302	4
CLC80	0.962090279	1	-0.63	307	5
CLC80	0.975061922	0	-0.75	309	7
CLC80	0.96846827	0	0.72	325	8
CLC80	0.080298134	1	3.96	318	10
CLC80	0.22496567	1	1.03	331	11
CLC82	0.924497905	1	-0.75	309	5
CLC82	0.728167784	1	0.72	325	6
CLE74	0.990751532	0	0.17	296	4
CLE74	0.911949708	0	-2.25	323	5
CLE74	0.852222425	1	0.56	296	6
CLE74	1	1	2.05	293	7
CLE74	0.880980419	0	0.8	272	8
CLE75	0.942500765	0	-2.25	323	4
CLE75	0.977441657	1	0.56	296	5
CLE75	0.980853764	0	2.05	293	6
CLE75	0.88123218	0	0.8	272	7
CLE76	0.946404927	0	0.56	296	4
CLE76	0.932559501	1	2.05	293	5
CLE76	0.949936032	0	0.8	272	6
CLE77	1	0	2.05	293	4
CLE77	0.913626489	0	0.8	272	5
CLL02	0.823243612	0	0.12	291	4
CLM82	0.422335896	0	-0.75	309	5
CLT97	0.607346905	0	-1.89	271	4
CLT97	0.832459704	0	0.76	284	5
COL72	0.55682081	1	1.37	251	4
COL72	0.614252871	1	0.17	296	6
COL72	0.492239583	1	-2.25	323	7
COL72	0.221813887	1	0.56	296	8
COL72	0.000632044	1	2.05	293	9
COL72	0	0	0.8	272	10
COL72	0.023408817	1	3.42	293	11
COL74	0.921981496	1	0.17	296	4
COL74	0.927071568	0	-2.25	323	5
COL74	0.093652847	1	0.56	296	6
COL74	0.062850645	1	2.05	293	7
COL75	0.981414455	1	-2.25	323	4
COL75	0.383955019	1	0.56	296	5
COL78	0.185100381	0	0.8	272	4
COL78	0.746272435	0	3.42	293	5
COL79	0.792791705	0	3.42	293	4
CPS97	0.701818851	0	-1.89	271	4
CRA81	0.459963574	0	-0.63	307	4
CRA81	0.571879058	0	-0.75	309	6
CRM01	0.907429244	0	0.12	291	4
CRM01	0.991664703	1	0.12	291	5
CRM99	0.87773001	0	0.2	247	4
CRM99	0.990620173	0	0.12	291	6
CRM99	0.999661001	1	0.12	291	7
CRT71	0.316724117	1	1.63	222	4
CRT71	0.991426124	0	1.37	251	5
CRT71	0.484235296	0	0.17	296	7
CRT71	0.797781672	0	-2.25	323	8
CRT71	0.599022121	0	0.56	296	9
CRT74	0.918351825	0	0.17	296	4
CRT74	0.943986024	1	-2.25	323	5
CRT74	0.720259404	0	0.56	296	6
CRT74	0.386058715	0	2.05	293	7
CRT74	0.538358993	0	0.8	272	8
CRT76	0.875364851	0	0.56	296	4
CRT76	0.707059397	1	2.05	293	5
CRT76	0.450044484	0	0.8	272	6
CSK98	0.420775635	0	0.76	284	4
CSK98	0.398250621	0	0.2	247	5
CUC84	0.925644168	0	0.72	325	4
CUC84	0.720409134	0	3.96	318	6
CUC84	0.973371551	0	1.03	331	7
CUC84	0.872433414	0	2.67	297	9
CUC84	0.832214865	0	3.03	243	10
CUC84	0.95157026	0	3.96	265	11
CUC91	0.978355863	0	3.96	265	4
CUM97	0.670190287	0	-1.89	271	4
CUR78	0.942419842	0	0.8	272	4
CUR78	0.117997709	0	3.42	293	5
CUR78	0.542790944	1	1.6	302	6
CUR78	1	1	-0.63	307	7
DAN90	0.665428455	0	3.03	243	4
DAN90	0.443062446	0	3.96	265	5
DAN90	0.736157338	0	-3.78	299	6
DAN90	0.866437381	0	-0.2	328	7
DAN90	0.817519846	0	0.72	347	8
DAN90	0.442258228	0	1.7	359	9
DAN90	0.832616153	0	2.8	336	10
DAN95	0.649210811	0	1.7	359	4
DAN95	0.996477375	0	2.8	336	5
DIC94	0.62487305	0	0.72	347	4
DIC94	0.558261057	0	1.7	359	5
DIC94	0.203035621	0	2.8	336	6
DIC95	0.5350769	0	1.7	359	4
DIC95	0.216447874	0	2.8	336	5
DIC96	0.480126603	0	2.8	336	4
DKP86	0.876430127	0	3.96	318	4
DKP86	1	0	1.03	331	5
DOC94	0.910446054	0	0.72	347	4
DOC94	0.942620042	0	1.7	359	5
DOC94	0.830614004	1	2.8	336	6
DOC94	0.799444853	0	-1.89	271	7
DOC94	0.852264041	0	0.76	284	8
DOC94	0.838767517	0	0.2	247	9
DOC96	0.758411325	0	2.8	336	4
DOC96	0.951665795	0	-1.89	271	5
DOC96	0.900926521	1	0.76	284	6
DOC96	0.806479621	0	0.2	247	7
DOC97	0.736085186	0	-1.89	271	4
DOC97	0.792964061	0	0.76	284	5
DOR78	0.992270595	0	0.8	272	4
DOR78	0.747503337	0	1.6	302	6
DOR78	0.505730049	0	-0.63	307	7
DOR82	0.15192904	0	-0.75	309	5
EGR91	0.87325215	0	3.96	265	4
EGR91	0.777720261	0	-3.78	299	5
EGR91	0.212888951	0	-0.2	328	6
EOL86	0.836194819	0	3.96	318	4
EOL86	0.742982183	0	1.03	331	5
FAL99	0.70692062	0	0.2	247	4
FAN88	0.769464653	0	2.67	297	5
FAN88	0.838296667	0	3.03	243	6
FAN88	0.405883055	1	3.96	265	7
FAN88	0.420596104	1	-3.78	299	8
FAN88	0.520299489	1	-0.2	328	9
FAN90	0.909599241	0	3.03	243	4
FAN90	0.724233869	0	3.96	265	5
FAN90	0.64178452	0	-3.78	299	6
FAN90	0.765097492	0	-0.2	328	7
FAN93	0.730106484	0	-0.2	328	4
FDL00	0.640550655	0	0.12	291	5
FDL00	0.614996162	0	0.12	291	6
FDL94	0.856229841	0	0.72	347	4
FDL94	0.956110376	0	1.7	359	5
FDL96	0.748925574	0	2.8	336	4
FDL96	0.977803279	0	-1.89	271	5
FDL96	0.96757386	0	0.76	284	6
FDL96	0.843557899	0	0.2	247	7
FDL99	0.704971211	0	0.2	247	4
FDL99	0.702496855	0	0.12	291	6
FDL99	0.819266721	1	0.12	291	7
FEA87	0.889347269	0	1.03	331	4
FEA87	0.548803026	0	2.67	297	6
FEA87	0.559095998	0	3.03	243	7
FEA87	0.200554409	0	3.96	265	8
FEA87	0.513959518	1	-3.78	299	9
FEA87	0.581487707	0	-0.2	328	10
FEA87	0.30625345	1	0.72	347	11
FEA87	0.259729702	0	1.7	359	12
FEA87	0.368974947	0	2.8	336	13
FEA87	0.376031901	0	-1.89	271	14
FEA94	0.828082895	0	0.72	347	4
FEA94	0.628936781	0	1.7	359	5
FEA94	0.259043121	0	2.8	336	6
FEA94	0.579159754	0	-1.89	271	7
FEA95	0.605775041	0	1.7	359	4
FEA95	0.560943454	0	2.8	336	5
FEA95	0.846014151	0	-1.89	271	6
FEE71	0.866753467	1	1.63	222	4
FEE71	0.612706196	0	1.37	251	5
FEN89	0.957225013	0	2.67	297	4
FID86	0.851260447	0	3.96	318	4
FID86	0.818387854	0	1.03	331	5
FLA85	0.947852961	1	3.96	318	5
FLA85	0.464065095	1	1.03	331	6
FLA85	0.349227184	0	2.67	297	8
FLG97	0.677136565	0	-1.89	271	4
FLG98	0.801098261	0	0.76	284	4
FLG98	0.900308223	0	0.2	247	5
FOP97	0.772666087	0	-1.89	271	4
FOP97	0.931374485	0	0.76	284	5
FOP97	0.646194921	0	0.2	247	6
FRE83	0.880737768	0	-0.75	309	4
FRE83	0.873297024	1	3.96	318	7
FRO93	0.964122762	0	-0.2	328	4
FRO93	0.90261503	0	0.72	347	5
FUL83	0.794353855	0	-0.75	309	4
FUL83	0.940940677	0	0.72	325	5
FUL83	0.380504589	0	5.08	365	6
FUL83	0.961074351	1	3.96	318	7
FUL83	0.462441285	1	1.03	331	8
FUL83	0.991662295	0	2.67	297	10
FUL85	0.571130336	0	5.08	365	4
FUL85	1	0	3.96	318	5
FUL85	0.736280837	0	1.03	331	6
FUL85	0.974930498	0	2.67	297	8
FUL86	0.944197833	0	3.96	318	4
FUL86	0.730667329	0	1.03	331	5
FUL86	0.931030727	0	2.67	297	7
FUL86	0.30155495	1	3.03	243	8
FUL86	0.524927329	0	3.96	265	9
FUL87	0.615383692	0	1.03	331	4
FUL87	0.924275826	0	2.67	297	6
FUL87	0.402055825	1	3.03	243	7
FUL87	0.581465712	1	3.96	265	8
FUL89	0.999999998	0	2.67	297	4
FUL89	0.378130105	1	3.03	243	5
FUL89	0.699650568	1	3.96	265	6
GAL85	0.894891962	0	5.08	365	4
GAL85	0.789030407	0	3.96	318	5
GAL85	0.620871668	1	1.03	331	6
GEC95	0.796639594	0	1.7	359	4
GEC95	0.919765849	0	2.8	336	5
GEC95	0.706462495	1	-1.89	271	6
GIN93	0.822928308	0	-0.2	328	4
GIN93	0.349317093	0	0.72	347	5
GIN93	0.830476293	1	1.7	359	6
GL375	0.763220419	0	-2.25	323	4
GL375	0.66064947	1	0.56	296	5
GL375	0.657548536	0	2.05	293	6
GL375	0.14568775	1	0.8	272	7
GL375	0.09784564	0	3.42	293	8
GLA69	0.703611805	0	1.63	222	6
GLA69	0.738764797	1	1.37	251	7
GOD94	0.250584529	0	0.72	347	4
GOD94	0	0	1.7	359	5
GOD94	0	0	2.8	336	6
GOD94	0.042449004	1	-1.89	271	7
GOD94	0.044012044	1	0.76	284	8
GOD94	0.096009108	0	0.2	247	9
GOD97	0.859198955	1	-1.89	271	4
GOD97	0.819396917	0	0.76	284	5
GOD97	0.525959766	1	0.2	247	6
GRA02	0.539092418	0	0.12	291	4
GRA93	0.614194349	0	-0.2	328	4
GRA93	0.541713611	0	0.72	347	5
GRA93	0.817105978	0	1.7	359	6
GRA93	0.709945122	0	2.8	336	7
GRA93	0.824686656	1	-1.89	271	8
GRA93	0.23278617	1	0.76	284	9
GRA93	0.213094051	0	0.2	247	10
GRA93	0.089213343	0	0.12	291	12
GRA93	0.07556803	0	0.12	291	13
GRA95	0.799575173	0	1.7	359	4
GRA95	0.897164455	0	2.8	336	5
GRA96	0.705804219	0	2.8	336	4
GRA96	0.53808315	0	-1.89	271	5
GRA96	0.299572698	1	0.76	284	6
GRA96	0.294213167	0	0.2	247	7
GRA96	0.130358838	0	0.12	291	9
GRA98	0.739626895	0	0.76	284	4
GRA98	0.601789035	0	0.2	247	5
GRA98	0.850745916	0	0.12	291	7
GRA98	0.799139689	1	0.12	291	8
GRA99	0.42181972	0	0.2	247	4
GRA99	0.079485217	1	0.12	291	6
GRA99	0.391524126	0	0.12	291	7
GRC76	0.788202994	0	0.56	296	4
GRC76	0.788760528	0	2.05	293	5
GRC76	0.859665151	0	0.8	272	6
GRC76	0.886221999	0	3.42	293	7
GRC76	0.909595752	1	1.6	302	8
GRC76	0.982483934	1	-0.63	307	9
GRE68	0.475673472	1	1.63	222	7
GRE68	0.430121577	1	1.37	251	8
GRE72	0.659955007	0	1.37	251	4
HAL87	0.999744973	0	1.03	331	4
HAL87	0.999977752	1	2.67	297	6
HAL87	0.955051983	0	3.03	243	7
HAL90	0.978483284	0	3.03	243	4
HAL90	0.970780743	0	3.96	265	5
HAL90	0.826987738	0	-3.78	299	6
HAL90	0.666474031	1	-0.2	328	7
HAL90	0.508114316	0	0.72	347	8
HAL90	0.655011995	0	2.8	336	10
HAL94	0.908208086	1	0.72	347	4
HAL94	0.795126638	0	1.7	359	5
HAL94	0.800138932	0	2.8	336	6
HAL95	0.997290367	0	1.7	359	4
HAL95	0.941797127	0	2.8	336	5
HED01	0.924883678	0	0.12	291	4
HED01	0.91411998	0	0.12	291	5
HER93	1	0	-0.2	328	4
HER93	0.895287058	1	0.72	347	5
HIC84	0.717244562	0	0.72	325	4
HIC84	0.251186132	0	5.08	365	5
HIC84	0.671032049	1	3.96	318	6
HIC84	0.37792268	1	1.03	331	7
HIC84	0.550274439	0	2.67	297	9
HIC88	0.868118712	0	2.67	297	5
HIC89	0.779574426	0	2.67	297	4
HOL00	0.939452302	0	0.12	291	5
HOL94	0.985315399	0	0.72	347	4
HOL94	0.792628866	0	1.7	359	5
HOL94	0.818707265	0	2.8	336	6
HOL94	0.640467454	0	-1.89	271	7
HOL94	0.065357654	0	0.76	284	8
HOL94	0.507424281	0	0.2	247	9
HOL94	0.753300369	0	0.12	291	11
HOL97	0.996290404	0	-1.89	271	4
HOL97	0.854003156	0	0.2	247	6
HOL97	0.763392183	0	0.12	291	8
HON00	0.804145128	1	0.12	291	5
HON00	0.7011666	0	0.12	291	6
HRM95	0.970765152	0	1.7	359	4
HRM95	0.912290771	0	2.8	336	5
HRM95	0.579316235	0	-1.89	271	6
ILE86	0.926540701	0	3.96	318	4
ILE86	0.697894082	0	1.03	331	5
ILE86	0.453731163	0	2.67	297	7
ILE87	0.593107705	0	1.03	331	4
ILE87	0.722380552	0	2.67	297	6
INI86	0.930621721	0	3.96	318	4
INI86	0.95014888	0	1.03	331	5
INI86	0.813273198	0	2.67	297	7
INI87	0.592675717	0	1.03	331	4
INI87	0.522111241	0	2.67	297	6
IVO99	0.726443252	0	0.2	247	4
IVO99	0.873432401	0	0.12	291	6
IVY95	0.491208003	0	1.7	359	4
IVY95	0.969420209	0	2.8	336	5
IVY97	0.447104591	0	-1.89	271	4
IVY97	1	1	0.76	284	5
IVY97	0.938360955	0	0.2	247	6
IVY97	0.571509681	0	0.12	291	8
JAE02	0.488222891	0	0.12	291	4
JOS74	0.993761493	1	0.17	296	4
JOS77	0.845808758	0	2.05	293	4
JOS77	0.990659615	1	0.8	272	5
JUG87	0.977079574	0	1.03	331	4
JUG87	0.954840205	0	2.67	297	6
KIT95	0.978575841	0	1.7	359	4
KIT95	0.986795133	0	2.8	336	5
KIT95	0.829465634	0	-1.89	271	6
KIT95	0.945390361	0	0.76	284	7
KNO94	0.853356175	0	0.72	347	4
KNO95	0.394130983	0	2.8	336	5
KNO95	0.767185115	0	-1.89	271	6
KNO95	0.444638874	0	0.76	284	7
LAM83	0.388964475	1	0.72	325	5
LAM83	0.297353843	0	5.08	365	6
LAM83	0.408330095	0	3.96	318	7
LAM83	0.323871016	1	1.03	331	8
LIM78	0.478807452	0	0.8	272	4
LIM78	0.974889155	0	3.42	293	5
LIM78	0.706200373	0	1.6	302	6
LIM80	0.999963015	0	1.6	302	4
LIM80	0.909752592	1	-0.63	307	5
LIT70	0.441553525	0	1.63	222	5
LIT70	0.889973755	1	1.37	251	6
LIT70	0.369294526	1	0.17	296	8
LIT70	0.905076546	0	-2.25	323	9
LIT70	0.848967651	0	0.56	296	10
LIT70	0.761010817	0	2.05	293	11
LIT75	0.780010889	0	-2.25	323	4
LIT75	0.98702481	1	0.56	296	5
LIT75	0.748002679	0	2.05	293	6
LIZ86	0.969521659	0	3.96	318	4
LIZ86	0.826521402	0	1.03	331	5
LIZ86	0.970962234	0	2.67	297	7
LMS97	0.814236653	0	-1.89	271	4
LMS97	1	0	0.76	284	5
LMS97	0.819182274	1	0.2	247	6
LOB86	0.880338523	0	3.96	318	4
LPW91	0.888024317	0	3.96	265	4
LPW91	0.985077443	0	-3.78	299	5
LPW91	0.979456188	0	-0.2	328	6
LPW91	0.753663019	0	0.72	347	7
LPW91	0.455062324	0	1.7	359	8
LPW91	0.791444924	0	2.8	336	9
LPW91	0.257708029	0	-1.89	271	10
LPW91	0.581255126	0	0.76	284	11
LPW91	0.881439892	1	0.2	247	12
LPW93	0.984196282	0	-0.2	328	4
LPW93	0.895955074	0	0.72	347	5
LPW93	0.49941251	0	1.7	359	6
LPW93	0.127194857	0	2.8	336	7
LPW93	0.392501815	0	-1.89	271	8
LPW93	0.689301346	0	0.76	284	9
LPW93	0.566359663	1	0.2	247	10
LTF73	0.303346215	0	0.17	296	5
LTF73	0.220598767	0	-2.25	323	6
LTF73	0.186416173	0	0.56	296	7
LTF73	0.074663726	0	2.05	293	8
LTF74	0.299736367	0	0.17	296	4
LTF74	0.213258385	0	-2.25	323	5
LTF74	0.176112101	0	0.56	296	6
LTF74	0.087442975	0	2.05	293	7
LTF77	0.242384027	0	2.05	293	4
MAC83	0.989170225	0	-0.75	309	4
MAC85	0.564393143	0	3.96	318	5
MAL93	0.96115761	0	-0.2	328	4
MAL93	0.966254501	0	0.72	347	5
MAL93	1	0	1.7	359	6
MAL93	0.165206655	0	2.8	336	7
Mar-89	0.678214087	0	2.67	297	4
Mar-89	0.713322415	0	3.03	243	5
Mar-89	0.772380964	0	3.96	265	6
Mar-89	0.925616323	0	-3.78	299	7
Mar-89	0.921933952	0	-0.2	328	8
Mar-89	0.843665035	0	0.72	347	9
Mar-89	0.780685765	0	1.7	359	10
Mar-89	0.852513749	0	2.8	336	11
Mar-93	0.955354366	0	-0.2	328	4
Mar-93	0.912657815	0	0.72	347	5
Mar-93	0.641225392	0	1.7	359	6
Mar-93	0.846804563	0	2.8	336	7
Mar-95	0.729824824	0	1.7	359	4
Mar-95	0.81757603	0	2.8	336	5
MAW79	0.922799754	0	3.42	293	4
MAW79	1	1	1.6	302	5
MAW79	0.161194915	0	-0.63	307	6
MEG00	0.924212962	0	0.12	291	5
MEG00	0.70436303	1	0.12	291	6
MEL75	0.924235794	0	-2.25	323	4
MEL75	0.827229936	0	0.56	296	5
MEL75	1	1	2.05	293	6
MEL75	0.29847259	0	0.8	272	7
MEL75	0.796150733	1	3.42	293	8
MEL76	0.802654065	0	0.56	296	4
MEL76	0.927746677	1	2.05	293	5
MEL76	0.563183251	0	0.8	272	6
MEL76	0.807320975	0	3.42	293	7
MEL76	0.804725519	0	1.6	302	8
MEL76	0.776180839	1	-0.63	307	9
MEL76	0.969917256	0	-0.75	309	11
MEL76	0.748073109	0	0.72	325	12
MEL76	0.697652457	0	5.08	365	13
MEL77	0.989234156	0	2.05	293	4
MEL77	0.693073781	0	0.8	272	5
MEL77	0.93881048	0	3.42	293	6
MLN00	0.99879405	0	0.12	291	5
MLN97	0.755755161	0	-1.89	271	4
MLN97	0.952810282	1	0.2	247	6
MLN97	0.993211072	1	0.12	291	8
MNT99	0.968663701	0	0.2	247	4
MNT99	0.820147962	0	0.12	291	6
MNX89	0.759368202	0	2.67	297	4
MOD72	0.881747377	1	1.37	251	4
MOD72	0.566915007	1	0.17	296	6
MOD72	0.48494534	0	-2.25	323	7
MOD72	0.430299261	0	0.56	296	8
MOD72	0.236416209	0	2.05	293	9
MOD72	0.110877471	1	0.8	272	10
MOD72	0.316228752	0	3.42	293	11
MOD72	0.41071254	1	1.6	302	12
MOD74	0.791773302	0	0.17	296	4
MOD74	0.395536249	0	-2.25	323	5
MOD74	0.723062113	1	0.56	296	6
MOD74	0.557531891	0	2.05	293	7
MOD74	0.559445765	0	0.8	272	8
MOD74	0.308807643	0	3.42	293	9
MOD74	0.661531766	1	1.6	302	10
MOL70	0.881856413	0	1.63	222	5
MOL70	0.653045267	0	1.37	251	6
MOL75	0.573941393	0	-2.25	323	4
MOL75	0.882286916	0	0.56	296	5
MOL75	0.447352821	0	2.05	293	6
MOL75	0.493383338	1	0.8	272	7
MOM65	0.506553287	0	1.63	222	10
MOM65	0.275480222	1	1.37	251	11
MOM67	0.827872983	0	1.63	222	8
MOM67	0.633798664	0	1.37	251	9
MOM68	0.798398278	0	1.63	222	7
MOM68	0.573022793	0	1.37	251	8
MOM72	0.524471687	0	1.37	251	4
MOS88	0.614549989	0	0.8	272	4
MOS88	0.913221171	1	3.42	293	5
MOS88	0.829761806	0	1.6	302	6
MOS88	0.325266644	1	-0.63	307	7
MOY73	0.818047492	0	0.17	296	5
MOY73	0.614428086	0	-2.25	323	6
MOY73	0.623888969	0	0.56	296	7
MOY73	0.324804366	0	2.05	293	8
MOY73	0.392979467	1	0.8	272	9
MOY74	0.902489613	0	0.17	296	4
MOY74	0.501757947	0	-2.25	323	5
MOY74	0.748831508	1	0.56	296	6
MOY74	0.655277562	0	2.05	293	7
MOY74	0.679833013	0	0.8	272	8
MOY76	0.942825631	0	0.56	296	4
MOY76	0.504776472	0	2.05	293	5
MOY76	0.193490591	1	0.8	272	6
MOY77	0.84399036	0	2.05	293	4
MUS77	0.99499767	0	2.05	293	4
MUS77	0.779459722	1	0.8	272	5
MUS77	0.696367384	0	3.42	293	6
MUS77	0.744754139	1	1.6	302	7
MUS77	0.501890049	0	-0.63	307	8
MUS77	0.535614702	0	-0.75	309	10
MUS77	0.879414364	1	0.72	325	11
MUS77	0.300958852	1	3.96	318	13
MUS77	0.132667092	0	1.03	331	14
MUS77	0.81005515	0	2.67	297	16
MUS81	0.424579527	0	-0.63	307	4
MUS81	0.337064448	1	-0.75	309	6
MUS81	0.59313867	0	0.72	325	7
MUS81	0.139931122	0	3.96	318	9
MUS81	0.085860394	1	1.03	331	10
MUS81	0.004397052	0	2.67	297	12
MUS84	0.795279618	0	0.72	325	4
MUS84	0	0	3.96	318	6
MUS84	0.061130472	0	1.03	331	7
MUS84	0.79521916	0	2.67	297	9
MUS85	0.961477007	0	3.96	318	5
MUS85	0.669796863	0	1.03	331	6
MUS85	0.895334713	0	2.67	297	8
NAK89	0.598571412	0	2.67	297	4
NEP96	1	0	2.8	336	4
NET02	0.971338298	0	0.12	291	4
NET99	0.84545575	0	0.2	247	4
NET99	0.982066457	0	0.12	291	6
NET99	0.956347799	0	0.12	291	7
NOB76	0.925740974	0	0.56	296	4
NON86	0.817532007	0	3.96	318	4
OAT87	0.940695074	0	1.03	331	4
OAT87	0.960004627	0	2.67	297	6
OAT90	0.932028982	0	3.03	243	4
OAT90	0.795355494	1	3.96	265	5
OAT90	0.467447041	0	-3.78	299	6
OCC85	0.756227097	1	3.96	318	5
OCC85	0.084680918	0	1.03	331	6
OCH85	0.883986356	0	3.96	318	5
OCH85	0.93093301	1	1.03	331	6
OCH85	1	0	2.67	297	8
OCH87	0.932168778	0	1.03	331	4
OCH87	1	0	2.67	297	6
OCH90	0.980160706	0	3.03	243	4
OCH90	0.850573545	0	3.96	265	5
OCH90	0.173468208	0	-3.78	299	6
OCH90	0.655741315	0	-0.2	328	7
OCH90	0.950699578	0	0.72	347	8
OCH90	0.728246238	0	1.7	359	9
OPA99	0.55796405	0	0.2	247	4
OPA99	0.428253838	0	0.12	291	6
OPE87	0.984994824	0	1.03	331	4
ORC95	0.989020866	0	1.7	359	4
ORC95	0.654890488	0	2.8	336	5
OTA72	0.95584943	1	1.37	251	4
OTA78	0.329407259	0	0.8	272	4
OTA78	0	0	3.42	293	5
OTA78	0	1	1.6	302	6
OTA80	0	0	1.6	302	4
OTA80	0	0	-0.63	307	5
OVA97	0.993418355	0	-1.89	271	4
OXA95	0.807442546	0	1.7	359	4
OXA95	0.3384886	0	2.8	336	5
OXA99	0.871198984	1	0.2	247	4
PAN00	0.988240908	0	0.12	291	5
PAN00	0.390943799	0	0.12	291	6
PAP87	0.751315018	0	1.03	331	4
PAP87	0.724141454	0	2.67	297	6
PAP87	1	0	3.03	243	7
PAP87	0.375677841	0	3.96	265	8
PCL02	0.88187298	1	0.12	291	4
PEC81	0.924411077	0	-0.63	307	4
PEC81	0.928768064	1	-0.75	309	6
PEC81	0.558328544	1	0.72	325	7
PEC81	0.305737816	1	3.96	318	9
PEC81	0.380329002	1	1.03	331	10
PEC86	0.545477359	0	3.96	318	4
PEC86	0.580426327	1	1.03	331	5
PEC86	0	1	2.67	297	7
PEN89	0.66435042	0	2.67	297	4
PEP90	0.935299304	0	3.03	243	4
PEP90	0.689881864	1	3.96	265	5
PEP90	0.956604967	0	-3.78	299	6
PEP90	0.141819918	1	-0.2	328	7
PEP90	0.802005696	1	0.72	347	8
PEP91	0.936435755	0	3.96	265	4
PEP91	0.994134906	0	-3.78	299	5
PEP91	0.890570295	0	-0.2	328	6
PEP91	0.66257546	0	0.72	347	7
PEP91	0.633318675	0	2.8	336	9
PEP91	0.331151307	0	-1.89	271	10
PEP93	0.90588374	0	-0.2	328	4
PEP93	0.815782867	1	0.72	347	5
PEP93	0.862048325	0	2.8	336	7
PEP93	0.385864476	0	-1.89	271	8
PET83	0.955972262	0	-0.75	309	4
PET83	0.834650552	0	0.72	325	5
PET83	0.616771422	1	5.08	365	6
PET85	0.723634187	0	5.08	365	4
PGB74	0.595420742	0	0.17	296	4
PGB74	0.435648225	0	-2.25	323	5
PGB74	0.48015125	1	0.56	296	6
PGB74	0.512610575	1	2.05	293	7
PGB74	0.271110597	0	0.8	272	8
PGB74	0.473861929	1	3.42	293	9
PGB74	0.212813265	1	1.6	302	10
PGB74	0.409028489	0	-0.63	307	11
PGB74	0.559078447	1	-0.75	309	13
PGB74	0.909135409	1	0.72	325	14
PGB74	0.703144687	1	3.96	318	16
PGB74	0.764153228	1	1.03	331	17
PGB75	0.79859262	0	-2.25	323	4
PGB75	0.547714035	1	0.56	296	5
PGB75	0.591185116	1	2.05	293	6
PGB75	0.32950741	0	0.8	272	7
PGB76	0.946641662	0	0.56	296	4
PGB76	0.79119651	1	2.05	293	5
PGB83	0.637873843	0	-0.75	309	4
PGB83	0.5242328	1	0.72	325	5
PGB83	0.988429432	1	3.96	318	7
PGB83	0.750394878	0	1.03	331	8
PHL96	0.525740526	0	2.8	336	4
PIB83	0.55544422	0	-0.75	309	4
PIC91	0.674845444	0	3.96	265	4
PIC91	0.465382999	1	-3.78	299	5
PIC91	0.334486938	0	-0.2	328	6
PIC91	0.158683064	0	0.72	347	7
PID89	0.817117639	0	2.67	297	4
PID89	0.893902058	0	3.03	243	5
PID89	0.797157637	1	3.96	265	6
PID89	0.638173459	0	-3.78	299	7
PID89	0.725156447	1	-0.2	328	8
PID89	0.955562565	1	0.72	347	9
PID89	0.801831868	0	1.7	359	10
PID89	0.539502372	0	2.8	336	11
PID95	0.95065766	0	1.7	359	4
PID95	0.814941605	0	2.8	336	5
PLO77	0.507582571	0	2.05	293	4
PLO77	0.920763573	0	0.8	272	5
PLO77	0.811180489	0	3.42	293	6
PLO77	0.562920479	0	1.6	302	7
PLO82	0.975575123	0	-0.75	309	5
PLO82	0.460896273	1	0.72	325	6
PLO82	0.704480144	0	5.08	365	7
POL73	0	1	0.17	296	5
POL73	0.048700464	1	-2.25	323	6
POL73	0.032181559	0	0.56	296	7
POL73	0	1	2.05	293	8
POL73	0	0	0.8	272	9
POL73	0.026161241	0	3.42	293	10
POL73	0.002622439	1	1.6	302	11
POL73	0	0	-0.63	307	12
POL77	0.486835255	0	2.05	293	4
POL77	0.462643356	0	0.8	272	5
POL77	0.388980239	0	3.42	293	6
POL77	0.246383407	1	1.6	302	7
POL77	0.164631097	0	-0.63	307	8
POL79	0.716059063	0	3.42	293	4
POL79	0.912338539	0	1.6	302	5
POL79	0.965530784	0	-0.63	307	6
POM97	0.969760742	0	-1.89	271	4
POM97	0.999491313	0	0.76	284	5
POM97	0.591099575	0	0.2	247	6
POM97	0.957712581	0	0.12	291	8
POM97	0.569310411	1	0.12	291	9
PRC02	0.862752794	0	0.12	291	4
PRI79	0.603633482	0	3.42	293	4
PRI79	0.994402425	0	1.6	302	5
PRI79	0.978294196	1	-0.63	307	6
PRI79	0.748928274	0	-0.75	309	8
PTN93	0.917298761	0	-0.2	328	4
PTN93	0.835631976	0	0.72	347	5
QUN97	0.995570204	0	-1.89	271	4
RAP97	0.61077354	0	-1.89	271	4
RAP97	0.261642958	0	0.76	284	5
RAP97	0.43307716	0	0.2	247	6
RBY02	0.699385206	0	0.12	291	4
RED74	0.458080549	1	0.17	296	4
RED74	0.751360697	0	-2.25	323	5
RED74	0.981460176	1	0.56	296	6
RED74	0.878660196	0	2.05	293	7
RED74	0.736715426	1	0.8	272	8
RED74	0.88516081	0	3.42	293	9
RED74	0.719733096	1	1.6	302	10
RED74	0.862775863	1	-0.63	307	11
RED74	0.288661336	0	-0.75	309	13
RED74	0.91141925	1	0.72	325	14
RED82	0.100034551	1	-0.75	309	5
RED82	0.585200049	0	0.72	325	6
RGR71	0.729916431	1	1.63	222	4
RGR71	0.861757946	0	1.37	251	5
RGR71	0.748851752	1	0.17	296	7
RGR71	0.257415013	1	-2.25	323	8
RGR71	0.290959158	1	0.56	296	9
RGR71	0.537363639	1	2.05	293	10
RGR71	0.160454856	1	0.8	272	11
RHY86	0.965839284	0	3.96	318	4
RHY86	0.936614412	0	1.03	331	5
RHY86	0.48670022	0	2.67	297	7
RHY88	0.630055365	0	2.67	297	5
ROM02	0.843858991	0	0.12	291	4
RTN73	0.061623068	0	0.17	296	5
RTN74	0.293490089	0	0.17	296	4
RUF00	0.172375035	0	0.12	291	5
RUF00	0.473854618	0	0.12	291	6
RUF02	0.502413788	0	0.12	291	4
RUM01	0.977430957	0	0.12	291	4
RUM01	0.790481469	0	0.12	291	5
SAF80	0.908574091	1	1.6	302	4
SAF80	0.490126312	0	-0.63	307	5
SAF80	0.206459816	0	-0.75	309	7
SAF80	0.148226572	1	0.72	325	8
SAF80	0.942880226	0	3.96	318	10
SAF80	0.209621043	1	1.03	331	11
SAF80	0.275772592	1	2.67	297	13
SAM94	0.977990193	1	0.72	347	4
SAM94	0.786672229	1	1.7	359	5
SAM94	0.700254585	1	2.8	336	6
SAM95	0.974339203	0	1.7	359	4
SAM95	0.254894136	0	2.8	336	5
SAX97	0.787243638	0	-1.89	271	4
SAX97	0.967334393	0	0.76	284	5
SAX97	0.699100153	0	0.2	247	6
SAX98	0.925984116	0	0.76	284	4
SAX98	0.914720591	0	0.2	247	5
SAX99	0.851909921	0	0.2	247	4
SCO74	0	0	0.17	296	4
SCO74	0.395574203	0	-2.25	323	5
SCO74	0.858040325	1	0.56	296	6
SCO74	0.326406766	0	2.05	293	7
SCO74	0	0	1.6	302	10
SCO76	0.829667107	0	0.56	296	4
SCO76	0.361820425	0	2.05	293	5
SCO76	0.315424631	1	0.8	272	6
SCO76	0.08995692	1	3.42	293	7
SCO76	0.337042387	0	1.6	302	8
SCO76	0.345686152	1	-0.63	307	9
Sep-84	0.763619249	0	0.72	325	4
SEQ01	0	1	0.12	291	4
SEQ01	0.595533539	0	0.12	291	5
SEQ95	0.605740366	0	1.7	359	4
SEQ95	0.534839261	0	2.8	336	5
SEQ95	0.394254292	1	-1.89	271	6
SEQ95	0.240535452	0	0.76	284	7
SEQ95	0.330374956	1	0.2	247	8
SEQ95	0	0	0.12	291	10
SEQ95	0.164599649	0	0.12	291	11
SEQ96	0.997643471	0	2.8	336	4
SEQ96	0.683368006	0	-1.89	271	5
SEQ96	0.595632768	1	0.76	284	6
SEQ96	0.992204481	0	0.2	247	7
SEQ96	0	0	0.12	291	9
SEQ96	0.999999997	1	0.12	291	10
SEQ99	0.72650386	0	0.2	247	4
SEQ99	0	0	0.12	291	6
SEQ99	1	1	0.12	291	7
SES89	0.904901322	0	2.67	297	4
SES89	0.955830593	1	3.03	243	5
SES89	0.98533028	0	3.96	265	6
SIS85	0.500613457	0	3.96	318	5
SIS85	0.924314931	0	1.03	331	6
SKA82	0.883824418	0	-0.75	309	5
SKA82	0.85694415	1	0.72	325	6
SKA82	0	0	1.03	331	9
SKI94	0.948318437	0	0.72	347	4
SKI94	0.975271213	0	1.7	359	5
SLO01	0.662056439	0	0.12	291	4
SLO01	0.6627749	0	0.12	291	5
SME84	1	0	0.72	325	4
SME84	0.681540726	0	3.96	318	6
SME84	0.372536682	0	1.03	331	7
SNI77	0.507154529	0	2.05	293	4
SNI77	0.761580741	0	0.8	272	5
SOB68	0.373160424	1	1.63	222	7
SOB68	0.405303537	1	1.37	251	8
SPI97	0.933106613	0	-1.89	271	4
SPL98	0.771928505	0	0.76	284	4
STA97	0.886133399	0	-1.89	271	4
STA97	0.875984203	0	0.76	284	5
STI94	0.974717389	0	0.72	347	4
STI94	0.819926251	0	1.7	359	5
STI94	0.989484008	0	2.8	336	6
STI94	0.404300393	1	-1.89	271	7
STI94	0.727272994	0	0.76	284	8
STI94	0.913068244	1	0.2	247	9
STI96	0.90221231	0	2.8	336	4
STI96	0.643387426	1	-1.89	271	5
STI96	0.607998132	1	0.76	284	6
STI96	1	0	0.2	247	7
STO96	0.760782962	0	2.8	336	4
STO96	0.68175561	0	-1.89	271	5
STO96	0.513963128	0	0.76	284	6
STO96	0.391969889	0	0.2	247	7
STO98	0.649975598	0	0.76	284	4
STO98	0.210194777	1	0.2	247	5
STR96	0.998337091	0	2.8	336	4
STR96	0.833664123	0	-1.89	271	5
STR96	0.840014818	0	0.76	284	6
STR96	0.363194205	0	0.2	247	7
SUL90	0	0	3.03	243	4
SUL90	0.623566261	0	3.96	265	5
SUL90	0.73864975	0	-3.78	299	6
SUL90	0.719532237	0	-0.2	328	7
SUN93	0.949722888	0	-0.2	328	4
SUN93	0.875914322	0	0.72	347	5
SUN93	0.509525023	0	1.7	359	6
SUR87	0.993637939	0	1.03	331	4
SUR87	0.958913481	0	2.67	297	6
SUR87	0.979020446	1	3.03	243	7
SUR87	0	1	3.96	265	8
SUR87	0.198300632	1	-3.78	299	9
SUR87	0.75539623	1	-0.2	328	10
SUR87	0.229264829	0	0.72	347	11
SUR87	0.636264502	1	1.7	359	12
SUR87	0.907454478	1	2.8	336	13
SUR89	1	1	2.67	297	4
SUR91	0	1	3.96	265	4
SUR91	0.141007082	0	-3.78	299	5
SUR91	0.598827541	1	-0.2	328	6
SUR91	0.083789787	1	0.72	347	7
SUR91	0.251431102	0	1.7	359	8
SUR91	0.585192724	1	2.8	336	9
SUR95	0.61631737	0	1.7	359	4
SUR95	0.982290576	0	2.8	336	5
SWI88	0.87805713	0	2.67	297	5
SYC91	0.945455858	0	3.96	265	4
SYC91	0.987004485	0	-3.78	299	5
SYC91	0.789224449	1	-0.2	328	6
SYC91	0.970007092	0	0.72	347	7
SYC91	0.585779364	1	1.7	359	8
SYC91	0.686882222	1	2.8	336	9
SYC91	0.305329787	0	-1.89	271	10
SYC91	0.896486501	0	0.76	284	11
SYC91	0.621031712	0	0.2	247	12
SYC91	0	0	0.12	291	14
TAL70	0.686763807	1	1.63	222	5
TAL70	0.99958037	0	1.37	251	6
TAL70	0.414030414	0	0.17	296	8
TAL70	0.024138957	1	-2.25	323	9
TAL70	0.151988274	0	0.56	296	10
TAL70	0.139694612	0	2.05	293	11
TAL70	0.339541713	0	0.8	272	12
TAL71	0.873012521	0	1.63	222	4
TAL71	0.84790386	0	1.37	251	5
TAL71	0.5747372	0	0.17	296	7
TAL71	0.147517639	1	-2.25	323	8
TAL71	0.238506434	0	0.56	296	9
TAL71	0.11654464	1	2.05	293	10
TAL71	0.410835918	0	0.8	272	11
TAL73	0.869691716	0	0.17	296	5
TAL73	0.359427774	0	-2.25	323	6
TAL73	0.509533785	0	0.56	296	7
TEA76	0.813768638	0	0.56	296	4
TEA76	0.607109126	0	2.05	293	5
TEA76	0.610209941	0	0.8	272	6
TEA76	0.745743759	0	3.42	293	7
TEA76	0.70289499	0	1.6	302	8
TEA78	0.682100236	0	0.8	272	4
TEA78	0.878569595	0	3.42	293	5
TEA78	0.6052578	0	1.6	302	6
TEL86	0.949529747	1	3.96	318	4
TEL86	0.412498699	0	1.03	331	5
TER80	0.599237572	0	1.6	302	4
TER80	0.523670124	0	-0.63	307	5
THO78	0.770462842	0	0.8	272	4
THO78	0.266334393	1	1.6	302	6
THO78	0.16507859	0	-0.63	307	7
THO78	0.06105745	0	-0.75	309	9
THO78	0.049206168	1	3.96	318	12
THO78	0	1	1.03	331	13
THO80	0.662150545	0	1.6	302	4
THO80	0.142278845	1	-0.63	307	5
THO81	0.126332547	0	-0.63	307	4
THO81	0.09117368	0	-0.75	309	6
THO81	0.178682991	1	0.72	325	7
THO81	0.064797084	1	3.96	318	9
THO81	0.260482661	0	1.03	331	10
THO82	0.119258563	1	-0.75	309	5
THO82	0.108349691	1	0.72	325	6
THO82	0.051672688	1	3.96	318	8
THO82	0.151473231	0	1.03	331	9
THO84	0.219943239	0	0.72	325	4
THO84	0.055696586	1	3.96	318	6
THO84	0.166226429	0	1.03	331	7
THO86	0.049665763	0	3.96	318	4
THO86	0.316141252	0	1.03	331	5
THS96	0.687570061	0	2.8	336	4
THS96	0.617221978	1	-1.89	271	5
THS96	0.818796612	0	0.2	247	7
THS98	0.96037384	0	0.2	247	5
THU91	0.884051681	0	3.96	265	4
THU91	0.938801842	0	-3.78	299	5
THU91	0.728274274	0	-0.2	328	6
TIK01	0.859535325	0	0.12	291	4
TIK01	0.937891171	0	0.12	291	5
TIK98	0.86826696	0	0.76	284	4
TIK98	1	0	0.2	247	5
TIN00	0.981054401	0	0.12	291	5
TIN00	0.329054911	1	0.12	291	6
TIN02	0.191627797	0	0.12	291	4
TIN95	0.84215322	1	1.7	359	4
TIN95	0.735778789	0	2.8	336	5
TIN95	0.444706981	0	-1.89	271	6
TIN95	0.447357438	0	0.76	284	7
TIN95	1	0	0.2	247	8
TIN95	0.879237524	0	0.12	291	10
TIN95	0.357358525	0	0.12	291	11
TIN98	0.408061475	0	0.76	284	4
TIN98	0.989896324	1	0.2	247	5
TIN98	0.687718267	1	0.12	291	7
TIN98	0.434703879	0	0.12	291	8
TOR72	0.913092407	0	1.37	251	4
TOR72	0.652850779	1	0.17	296	6
TOR72	0.670569262	1	-2.25	323	7
TOR72	0.421498747	0	0.56	296	8
TOR72	0.875239845	0	2.05	293	9
TOR75	0.48709458	0	-2.25	323	4
TOR75	0.522596129	0	0.56	296	5
TOR75	0.443750578	0	2.05	293	6
TRN69	0.390703933	1	1.63	222	6
TRN69	0.457287567	1	1.37	251	7
TRN69	0.488802955	1	0.17	296	9
TRN69	0.354658606	1	-2.25	323	10
TRN69	0.6393194	0	0.56	296	11
TRN69	0.375390909	0	2.05	293	12
TRN72	0.349214628	1	1.37	251	4
TRN72	0.455977884	0	0.17	296	6
TRN72	0.267159629	1	-2.25	323	7
TRN72	0.690906433	1	0.56	296	8
TRN72	0.31457724	1	2.05	293	9
TRN74	0.710596356	1	0.17	296	4
TRN74	0.199720131	0	-2.25	323	5
TRN74	0.228872316	1	0.56	296	6
TRN74	0.232199516	0	2.05	293	7
TRT00	0.49803453	1	0.12	291	5
TRT00	0.150549832	0	0.12	291	6
TRT97	0.912729874	0	-1.89	271	4
TRT97	1	1	0.76	284	5
TRT97	0.396249174	0	0.2	247	6
TRT97	0.238925282	0	0.12	291	8
TRT97	0.527548258	1	0.12	291	9
TRT98	0.909242855	0	0.76	284	4
TRT98	0.937298225	1	0.2	247	5
TRT98	0.756458814	0	0.12	291	7
TRT98	0.910627039	0	0.12	291	8
TUR83	0.869937381	0	-0.75	309	4
TUR83	0.865035412	1	0.72	325	5
TUR83	0.769773911	0	3.96	318	7
TUR83	0.582360927	1	1.03	331	8
TUR83	0.775036598	0	2.67	297	10
TUR85	0.986147709	0	3.96	318	5
TUR85	0.74891439	1	1.03	331	6
TUR85	0.713877817	0	2.67	297	8
TUR87	0.857579805	0	1.03	331	4
TUR87	0.694634518	0	2.67	297	6
TUS96	0.959780268	0	2.8	336	4
TUS96	0.809051699	1	-1.89	271	5
TUS96	0.574135232	0	0.76	284	6
TWI85	0.874480138	0	3.96	318	5
UMB80	0.970531219	0	1.6	302	4
UMB80	0.928033236	1	-0.63	307	5
UMB80	0.501853233	0	-0.75	309	7
UMB80	0.751126624	1	0.72	325	8
UMB84	0.974551563	0	0.72	325	4
UPR68	0.710347889	1	1.63	222	7
UPR68	0.646467209	0	1.37	251	8
UPR68	0.975151677	1	0.17	296	10
UPR68	0.880120199	1	-2.25	323	11
UPR68	0.556023322	1	0.56	296	12
UPR71	0.960161804	0	1.63	222	4
UPR71	0.860464269	1	1.37	251	5
UPR71	0.406302488	1	0.17	296	7
UPR71	0.745964138	1	-2.25	323	8
UPR71	0.738083146	1	0.56	296	9
UPR74	0.852362139	1	0.17	296	4
UPR74	0.894866308	0	-2.25	323	5
UPR74	0.720739671	1	0.56	296	6
UPT74	0	0	0.17	296	4
UPT74	0.115991789	1	-2.25	323	5
UPT74	0.091611604	0	0.56	296	6
UPT74	0.259624516	0	2.05	293	7
UPT74	0	1	0.8	272	8
UPT74	0	0	3.42	293	9
UPT74	0	1	1.6	302	10
UPT77	0.732123659	0	2.05	293	4
UPT77	0.136521739	1	0.8	272	5
UPT77	0.071589228	0	3.42	293	6
UPT77	0.119738076	1	1.6	302	7
UPT78	0.151414703	0	0.8	272	4
UPT78	0	1	3.42	293	5
UPT78	0	1	1.6	302	6
UPT79	0	0	3.42	293	4
UPT79	0	1	1.6	302	5
VER78	0.8980151	0	0.8	272	4
VER78	0.953509569	0	3.42	293	5
VER78	0.787324778	0	1.6	302	6
VER78	0.8765706	1	-0.63	307	7
VER79	0.957016712	0	3.42	293	4
VER79	0.670818884	0	1.6	302	5
VER79	0.315185946	0	-0.63	307	6
VIN91	0.914767068	0	3.96	265	4
VIN91	0.777702054	1	-3.78	299	5
VIN91	1	0	-0.2	328	6
VIN93	1	0	-0.2	328	4
VIO89	0.620917606	0	2.67	297	4
VIO89	0.713636037	0	3.03	243	5
VIO89	0.527963501	0	3.96	265	6
VIO89	0.098758412	0	-3.78	299	7
VIO89	0.353693228	1	-0.2	328	8
VIO89	0.021254582	1	0.72	347	9
VIO89	0.475359662	0	1.7	359	10
VIO89	0.354612458	1	2.8	336	11
VIO96	0.85924902	0	2.8	336	4
WAG95	0.522119057	0	1.7	359	4
WAG95	0.413334573	0	2.8	336	5
WAG95	0.755538616	0	-1.89	271	6
WAG95	0.397134823	1	0.76	284	7
WAG95	0.247602598	0	0.2	247	8
WAG95	0.025162819	0	0.12	291	10
WAG96	0.406321105	0	2.8	336	4
WAG96	0.752865544	1	-1.89	271	5
WAG96	0.275562918	0	0.76	284	6
WAG96	0.206487344	0	0.2	247	7
WAL02	0.903767287	0	0.12	291	4
WAN83	0.590673636	0	-0.75	309	4
WAN83	0.693199332	1	0.72	325	5
WAN86	0.907147099	0	3.96	318	4
WAN86	0.894064768	0	1.03	331	5
WAX80	0.938230105	1	1.6	302	4
WAX80	0.991682665	0	-0.63	307	5
WAX80	0.972079127	1	-0.75	309	7
WAX80	0.944240151	1	0.72	325	8
WAX80	0.895471402	1	3.96	318	10
WAX80	0.926731666	1	1.03	331	11
WHA83	0.813215597	0	-0.75	309	4
WHA83	0.828241118	0	0.72	325	5
WHA83	0.834472776	1	3.96	318	7
WHA83	0.575320897	0	1.03	331	8
WHA87	0.680359923	0	1.03	331	4
WHE77	0.718732663	0	2.05	293	4
WHE77	0.854170906	0	0.8	272	5
WHE77	0.397890464	0	3.42	293	6
WHE77	0.744768479	0	1.6	302	7
WHE77	0.669365439	0	-0.63	307	8
WHE77	0.975068303	0	-0.75	309	10
WHE77	0.783989243	1	0.72	325	11
WHE84	0.953096186	0	0.72	325	4
WHE84	0.862664929	0	5.08	365	5
WHI73	0.698873453	0	0.17	296	5
WHI73	0.575597387	0	-2.25	323	6
WHI73	0.544347676	0	0.56	296	7
WHI73	0.313984549	1	2.05	293	8
WHI73	0.933301221	1	0.8	272	9
WHI73	0.160459679	1	3.42	293	10
WHI76	0.577684475	0	0.56	296	4
WHI76	0.784285217	1	2.05	293	5
WHI76	0.998725261	0	0.8	272	6
WHI76	0.270467273	0	3.42	293	7
WHO79	0.258286381	0	3.42	293	4
WHO79	0.929908152	0	1.6	302	5
WHO79	0.55741172	1	-0.63	307	6
WHO83	0.029525376	0	-0.75	309	4
WHZ00	0.593905104	0	0.12	291	5
WHZ00	0.575316237	0	0.12	291	6
WHZ02	0.506513997	0	0.12	291	4
WOD94	0.99533678	0	0.72	347	4
WOD94	0.4371321	0	1.7	359	5
WSD00	0.608180699	0	0.12	291	5
WSD00	0.94822017	1	0.12	291	6
YEW99	0.958724971	0	0.2	247	4
YEW99	0.871920451	0	0.12	291	6
YEW99	0.95987802	1	0.12	291	7
YHO71	0.864415191	0	1.63	222	4
YHO71	0.927696983	1	1.37	251	5
YHO71	0.608335133	1	0.17	296	7
YHO71	0.935254302	0	-2.25	323	8
YHO71	0.513530111	1	0.56	296	9
YHO71	0.22028698	0	2.05	293	10
YHO74	0.986652597	0	0.17	296	4
YHO74	0.937840473	1	-2.25	323	5
YHO74	0.338600956	0	0.56	296	6
YHO74	0.121652716	0	2.05	293	7
YOS01	0.651633553	0	0.12	291	4
YOS01	0.898602444	0	0.12	291	5
ZUC01	0.69397883	0	0.12	291	4
ZUC01	0.556164028	0	0.12	291	5
