10.40412
8.705759
10.72235
9.718652
10.30125
10.72451
9.840207
9.129584
9.591504
9.944655
10.72133
10.59906
9.052764
8.929611
9.242725
9.69953
10.42776
8.869537
10.11411
11.58403
5.477392
4.262558
4.698836
3.746197
6.421327
5.65896
5.514764
5.379908
5.588091
3.748605
4.321099
5.146409
2.918896
3.932923
6.729555
4.640510
5.070471
4.558372
5.671677
6.70813
5.898718
4.594967
4.755212
5.905841
6.158649
14.81576
16.36108
16.92312
14.21598
13.59413
14.15117
16.91929
19.09283
18.69107
13.95365
14.36374
15.59037
16.31100
17.47593
16.06324
15.58408
18.07091
12.91702
15.10846
14.49220
14.76544
16.31321
14.02009
14.64689
16.00240
14.69826
11.59661
12.06716
12.42182
13.49620
12.09262
14.50486
13.02928
12.59735
14.22925
10.88804
14.89236
15.30275
14.54664
12.97766
11.34521
10.55695
9.923255
17.29859
12.41932
7.178631
6.255621
6.354821
4.916355
7.761693
6.680422
6.619314
7.069798
9.330257
5.528493
9.336785
7.931258
5.574312
8.725792
6.204956
6.522735
7.961518
6.016622
7.64236
4.061823
6.802197
4.783938
10.21113
8.939836
8.569407
7.302881
6.224909
6.940557
6.806346
7.33486
10.56271
12.12301
9.085757
7.63478
8.117376
8.261436
11.13808
9.617205
8.942188
9.374118
9.186262
7.838193
8.415867
10.95005
10.24719
10.42732
10.43427
7.969769
9.03997
6.834045
9.90666
7.917227
7.639568
10.36849
11.55559
