10.27264
9.156585
10.00438
9.44169
11.02451
8.194907
9.859297
9.802035
10.49739
9.504145
10.37762
8.337005
11.05185
9.898636
8.552754
12.08455
10.23967
9.03882
9.43258
9.249381
9.868928
11.33680
10.80574
9.693975
10.40389
12.6113
11.23880
12.94142
10.38289
9.79531
7.697662
10.10017
8.587122
9.892167
9.019888
10.04774
9.944454
7.221654
6.591528
13.05876
9.804006
8.329824
10.29709
8.59511
8.958623
15.38886
11.18955
11.52429
14.32683
13.26766
15.55260
14.10903
11.27708
13.54432
12.70920
17.41195
12.26833
13.70875
13.58448
12.21247
16.08351
13.41745
15.00143
12.77753
15.98459
14.73696
14.55437
11.28162
16.54830
12.94647
6.420159
7.871892
5.849316
7.198146
8.203497
3.380335
7.065129
6.379092
8.435864
6.599133
7.073353
7.305506
8.549208
6.667985
6.574947
9.415352
6.609653
3.216071
9.136394
5.479698
4.492794
2.620698
4.713681
4.374423
5.617214
5.161953
5.399704
5.515823
3.405990
4.569669
2.153673
6.924926
5.137273
4.253471
7.576287
3.457934
7.243157
3.758061
5.505463
3.964491
2.040751
6.768952
2.557794
3.344822
3.952028
3.734169
4.80524
7.482501
4.113749
2.60316
14.02439
18.73368
16.28183
13.16352
17.63638
16.56633
16.09491
15.67634
16.89879
16.95766
15.43222
16.75693
17.37536
18.31480
17.20267
15.14674
16.00524
14.95230
17.42848
15.57116
14.86532
17.40853
13.54754
16.72762
17.87002
