fate	fly	cage	dish	site	trt	size
2	0	25	80	1	2	1.544616388
2	0	25	80	1	2	1.50089589
2	0	25	80	1	2	1.443169125
2	0	25	80	1	2	1.414305743
2	0	25	80	1	2	1.413716694
2	0	25	80	1	2	1.387536755
2	0	25	80	1	2	1.361356817
2	0	25	80	1	2	1.346761501
2	0	25	80	1	2	1.335176878
2	0	25	80	1	2	1.323134106
2	0	25	80	1	2	1.308996939
2	0	25	80	1	2	1.299506711
2	0	25	80	1	2	1.252251922
2	0	25	80	1	2	1.230457123
2	0	25	80	1	2	1.230457123
2	0	25	80	1	2	1.151917306
2	0	25	80	1	2	1.145110522
2	0	25	80	1	2	1.123904772
2	0	25	80	1	2	1.123904772
2	0	25	80	1	2	1.102699021
2	0	25	80	1	2	1.097070335
2	0	25	80	1	2	1.081493271
2	0	25	80	1	2	1.059240323
2	0	25	80	1	2	1.03908177
2	0	25	80	1	2	1.015977974
2	0	25	80	1	2	1.015977974
2	0	25	80	1	2	0.964665294
2	0	25	80	1	2	0.870090265
2	0	25	80	1	2	0.854513202
2	0	25	80	1	2	0.618501054
1	1	25	80	1	2	1.230457123
1	1	25	80	1	2	1.102699021
1	1	25	80	1	2	1.01787602
1	1	25	80	1	2	0.813345248
2	0	25	80	2	2	1.868985829
2	0	25	80	2	2	1.674076185
2	0	25	80	2	2	1.674076185
2	0	25	80	2	2	1.645212803
2	0	25	80	2	2	1.39401629
2	0	25	80	2	2	1.335176878
2	0	25	80	2	2	1.204997132
2	0	25	80	2	2	1.187522023
2	0	25	81	1	2	1.868985829
2	0	25	81	1	2	1.558622655
2	0	25	81	1	2	1.544616388
2	0	25	81	1	2	1.413716694
2	0	25	81	1	2	1.361356817
2	0	25	81	1	2	1.346761501
2	0	25	81	1	2	1.299506711
2	0	25	81	1	2	1.228624527
2	0	25	81	1	2	1.204277184
2	0	25	81	1	2	1.181369737
2	0	25	81	1	2	1.181369737
2	0	25	81	1	2	1.181369737
2	0	25	81	1	2	1.178097245
2	0	25	81	1	2	1.134114948
2	0	25	81	1	2	1.081493271
2	0	25	81	1	2	1.060287521
2	0	25	81	1	2	1.060287521
2	0	25	81	1	2	1.03908177
2	0	25	81	1	2	1.01787602
2	0	25	81	1	2	1.01787602
2	0	25	81	1	2	0.996670269
2	0	25	81	1	2	0.9835803
2	0	25	81	1	2	0.975464519
2	0	25	81	1	2	0.954258769
2	0	25	81	1	2	0.954258769
2	0	25	81	1	2	0.926835283
2	0	25	81	1	2	0.907920277
2	0	25	81	1	2	0.889005271
2	0	25	81	1	2	0.85117526
2	0	25	81	1	2	0.832260254
2	0	25	81	1	2	0.804247719
2	0	25	81	1	2	0.794430242
2	0	25	81	1	2	0.703716754
2	0	25	81	1	2	0.703716754
2	0	25	81	2	2	1.252251922
2	0	25	82	1	2	1.674076185
2	0	25	82	1	2	1.647241748
2	0	25	82	1	2	1.583886296
2	0	25	82	1	2	1.529759273
2	0	25	82	1	2	1.518436449
2	0	25	82	1	2	1.466076572
2	0	25	82	1	2	1.335176878
2	0	25	82	1	2	1.335176878
2	0	25	82	1	2	1.208727773
2	0	25	82	1	2	1.204997132
2	0	25	82	1	2	1.134114948
2	0	25	82	1	2	1.086860158
2	0	25	82	1	2	1.081493271
2	0	25	82	1	2	1.060287521
2	0	25	82	1	2	1.060287521
2	0	25	82	1	2	1.03908177
2	0	25	82	1	2	1.03908177
2	0	25	82	1	2	0.996670269
2	0	25	82	1	2	0.996670269
2	0	25	82	1	2	0.9835803
2	0	25	82	1	2	0.870090265
1	1	25	82	1	2	1.529759273
1	1	25	82	1	2	0.926835283
2	0	24	76	1	2	1.361356817
2	0	24	76	1	2	1.361356817
2	0	24	76	1	2	1.335176878
2	0	24	76	1	2	1.282817
2	0	24	76	1	2	1.256637061
2	0	24	76	1	2	1.252251922
2	0	24	76	1	2	1.252251922
2	0	24	76	1	2	1.230457123
2	0	24	76	1	2	1.204997132
2	0	24	76	1	2	1.181369737
2	0	24	76	1	2	1.181369737
2	0	24	76	1	2	1.157742343
2	0	24	76	1	2	1.110487553
2	0	24	76	1	2	1.102699021
2	0	24	76	1	2	1.060287521
2	0	24	76	1	2	1.060287521
2	0	24	76	1	2	1.060287521
2	0	24	76	1	2	1.060287521
2	0	24	76	1	2	1.03908177
2	0	24	76	1	2	1.01787602
2	0	24	76	1	2	1.01787602
2	0	24	76	1	2	1.01787602
2	0	24	76	1	2	0.992350579
2	0	24	76	1	2	0.964665294
2	0	24	76	1	2	0.954258769
2	0	24	76	1	2	0.945750288
2	0	24	76	1	2	0.945750288
2	0	24	76	1	2	0.945750288
2	0	24	76	1	2	0.85117526
2	0	24	76	1	2	0.837758041
2	0	24	76	1	2	0.787492558
2	0	24	76	1	2	0.753982237
2	0	24	76	1	2	0.6626797
2	0	24	76	1	2	0.618501054
2	0	24	76	2	2	1.61634942
2	0	24	76	2	2	1.413716694
2	0	24	76	2	2	1.299506711
2	0	24	76	2	2	1.299506711
2	0	24	77	1	2	1.282817
2	0	24	77	1	2	1.125737368
2	0	24	77	1	2	1.086860158
2	0	24	77	1	2	0.933053018
2	0	24	77	1	2	0.933053018
2	0	24	77	1	2	0.870090265
2	0	24	77	1	2	0.870090265
2	0	24	77	1	2	0.870090265
2	0	24	77	1	2	0.870090265
2	0	24	77	1	2	0.85117526
2	0	24	77	1	2	0.794430242
2	0	24	77	1	2	0.787492558
2	0	24	77	1	2	0.703716754
2	0	24	77	1	2	0.589048623
1	1	24	77	1	2	1.178097245
1	1	24	77	1	2	0.870090265
2	0	24	78	1	2	1.414305743
2	0	24	78	1	2	1.282817
2	0	24	78	1	2	1.256637061
2	0	24	78	1	2	1.230457123
2	0	24	78	1	2	1.204997132
2	0	24	78	1	2	1.204277184
2	0	24	78	1	2	1.151917306
2	0	24	78	1	2	1.110487553
2	0	24	78	1	2	1.086860158
2	0	24	78	1	2	1.07337749
2	0	24	78	1	2	1.063232764
2	0	24	78	1	2	1.03908177
2	0	24	78	1	2	1.01787602
2	0	24	78	1	2	0.992350579
2	0	24	78	1	2	0.975464519
2	0	24	78	1	2	0.954258769
2	0	24	78	1	2	0.933053018
2	0	24	78	1	2	0.933053018
2	0	24	78	1	2	0.911847268
2	0	24	78	1	2	0.889005271
2	0	24	78	1	2	0.869435767
2	0	24	78	1	2	0.837758041
2	0	24	78	1	2	0.794430242
2	0	24	78	1	2	0.787492558
2	0	24	78	1	2	0.775515237
2	0	24	78	1	2	0.670206433
2	0	24	78	1	2	0.475624038
2	0	24	79	1	2	1.256637061
2	0	24	79	1	2	1.181369737
2	0	24	79	1	2	1.157742343
2	0	24	79	1	2	1.086860158
2	0	24	79	1	2	1.086860158
2	0	24	79	1	2	1.081493271
2	0	24	79	1	2	1.03908177
2	0	24	79	1	2	0.996670269
2	0	24	79	1	2	0.945750288
2	0	24	79	1	2	0.926835283
2	0	24	79	1	2	0.926835283
2	0	24	79	1	2	0.926835283
2	0	24	79	1	2	0.911847268
2	0	24	79	1	2	0.890641517
2	0	24	79	1	2	0.870090265
2	0	24	79	1	2	0.85117526
2	0	24	79	1	2	0.85117526
2	0	24	79	1	2	0.756600231
2	0	24	79	1	2	0.753982237
2	0	23	73	1	2	0.603774838
2	0	23	73	1	2	0.559596191
2	0	23	73	1	2	0.559596191
2	0	23	73	1	2	0.53014376
2	0	23	73	1	2	0.50029863
2	0	23	73	1	2	0.48747046
2	0	23	73	1	2	0.46181412
2	0	23	73	1	2	0.44898595
2	0	23	73	1	2	0.420318917
2	0	23	73	1	2	0.398196869
1	1	23	73	1	2	0.515417545
1	1	23	73	1	2	0.5131268
1	1	23	73	1	2	0.44898595
2	0	23	74	1	2	0.933053018
2	0	23	74	1	2	0.753982237
2	0	23	74	1	2	0.737227076
2	0	23	74	1	2	0.718770219
2	0	23	74	1	2	0.703716754
2	0	23	74	1	2	0.686961594
2	0	23	74	1	2	0.686961594
2	0	23	74	1	2	0.686961594
2	0	23	74	1	2	0.662025202
2	0	23	74	1	2	0.633227269
2	0	23	74	1	2	0.603774838
2	0	23	74	1	2	0.589048623
2	0	23	74	1	2	0.574322407
2	0	23	74	1	2	0.574322407
2	0	23	74	1	2	0.559596191
2	0	23	74	1	2	0.53014376
2	0	23	74	1	2	0.500691329
2	0	23	74	1	2	0.48747046
2	0	23	74	1	2	0.47464229
2	0	23	74	1	2	0.464563014
2	0	23	74	1	2	0.44898595
2	0	23	74	1	2	0.442440965
2	0	23	74	1	2	0.431379941
2	0	23	74	1	2	0.42332961
2	0	23	74	1	2	0.420318917
2	0	23	74	1	2	0.420318917
2	0	23	74	1	2	0.376991118
2	0	23	74	2	2	1.518436449
2	0	23	74	2	2	1.49225651
2	0	23	74	2	2	1.49225651
2	0	23	74	2	2	1.466076572
2	0	23	74	2	2	1.466076572
2	0	23	74	2	2	1.413716694
2	0	23	74	2	2	1.370388895
2	0	23	74	2	2	1.361356817
2	0	23	74	2	2	1.346761501
2	0	23	74	2	2	1.323134106
2	0	23	74	2	2	1.323134106
2	0	23	74	2	2	1.299506711
2	0	23	74	2	2	1.299506711
2	0	23	74	2	2	1.228624527
2	0	23	74	2	2	0.926835283
2	0	23	75	1	2	1.439896633
2	0	23	75	1	2	1.335176878
2	0	23	75	1	2	1.335176878
2	0	23	75	1	2	1.308996939
2	0	23	75	1	2	1.308996939
2	0	23	75	1	2	1.308996939
2	0	23	75	1	2	1.204997132
2	0	23	75	1	2	1.166316273
2	0	23	75	1	2	1.110487553
2	0	23	75	1	2	1.081493271
2	0	23	75	1	2	1.060287521
2	0	23	75	1	2	1.060287521
2	0	23	75	1	2	1.03908177
2	0	23	75	1	2	0.996670269
2	0	23	75	1	2	0.975464519
2	0	23	75	1	2	0.975464519
2	0	23	75	1	2	0.975464519
2	0	23	75	1	2	0.975464519
2	0	23	75	1	2	0.975464519
2	0	23	75	1	2	0.968657735
2	0	23	75	1	2	0.964665294
2	0	23	75	1	2	0.964665294
2	0	23	75	1	2	0.954258769
2	0	23	75	1	2	0.890641517
2	0	23	75	1	2	0.889005271
2	0	23	75	1	2	0.870090265
2	0	23	75	1	2	0.794430242
2	0	23	75	1	2	0.753982237
2	0	23	75	2	2	0.753982237
2	0	23	75	2	2	0.53878314
2	0	23	75	2	2	0.53878314
2	0	22	69	1	2	0.996670269
2	0	22	70	1	2	0.703716754
2	0	22	70	1	2	0.53014376
2	0	22	71	1	2	1.151917306
2	0	22	71	1	2	0.911847268
2	0	22	71	1	2	0.890641517
2	0	22	72	1	2	0.827024266
2	0	22	72	1	2	0.753982237
2	0	22	72	1	2	0.662025202
2	0	22	72	1	2	0.618501054
2	0	21	65	1	2	0.794430242
2	0	21	65	1	2	0.756600231
2	0	21	65	1	2	0.686961594
2	0	21	65	1	2	0.618501054
2	0	21	66	1	2	0.968723185
2	0	21	66	1	2	0.968723185
2	0	21	66	1	2	0.813345248
2	0	21	66	1	2	0.794430242
2	0	21	66	1	2	0.775515237
2	0	21	66	1	2	0.756600231
2	0	21	66	1	2	0.756600231
2	0	21	66	1	2	0.692132131
2	0	21	66	1	2	0.686961594
2	0	21	66	1	2	0.670206433
2	0	21	66	1	2	0.647953485
2	0	21	66	1	2	0.633227269
2	0	21	66	1	2	0.618501054
2	0	21	66	1	2	0.589048623
2	0	21	66	1	2	0.559596191
2	0	21	66	1	2	0.442440965
2	0	21	67	1	2	1.230457123
2	0	21	67	1	2	0.874213606
2	0	21	67	1	2	0.848230016
2	0	21	67	1	2	0.832260254
2	0	21	67	1	2	0.794430242
2	0	21	67	1	2	0.794430242
2	0	21	67	1	2	0.756600231
2	0	21	67	1	2	0.686961594
2	0	21	67	1	2	0.6626797
2	0	21	67	1	2	0.653451272
2	0	21	67	1	2	0.574322407
2	0	21	67	1	2	0.544869976
2	0	21	67	1	2	0.544869976
2	0	21	67	1	2	0.515417545
2	0	21	67	1	2	0.515417545
2	0	21	67	1	2	0.50029863
2	0	21	67	1	2	0.50029863
2	0	21	67	1	2	0.47464229
2	0	21	67	1	2	0.47464229
2	0	21	67	1	2	0.387135845
2	0	21	68	1	2	1.157742343
2	0	21	68	1	2	1.151917306
2	0	21	68	1	2	0.975464519
2	0	21	68	1	2	0.911847268
2	0	21	68	1	2	0.889005271
2	0	21	68	1	2	0.870090265
2	0	21	68	1	2	0.869435767
2	0	21	68	1	2	0.869435767
2	0	21	68	1	2	0.827024266
2	0	21	68	1	2	0.827024266
2	0	21	68	1	2	0.813345248
2	0	21	68	1	2	0.794430242
2	0	21	68	1	2	0.756600231
2	0	21	68	1	2	0.753982237
2	0	21	68	1	2	0.753982237
2	0	21	68	1	2	0.703716754
2	0	21	68	1	2	0.703716754
2	0	21	68	1	2	0.686961594
2	0	21	68	1	2	0.670206433
2	0	21	68	1	2	0.670206433
2	0	21	68	1	2	0.618501054
2	0	21	68	1	2	0.618501054
2	0	21	68	1	2	0.603774838
2	0	21	68	1	2	0.603774838
2	0	21	68	1	2	0.603774838
2	0	21	68	1	2	0.603185789
2	0	21	68	1	2	0.603185789
2	0	21	68	1	2	0.589048623
2	0	21	68	1	2	0.586430629
2	0	21	68	1	2	0.559596191
2	0	21	68	1	2	0.515417545
2	0	21	68	1	2	0.515417545
2	0	21	68	1	2	0.48747046
2	0	20	64	1	2	0.911847268
2	0	20	64	1	2	0.703716754
1	1	20	64	1	2	0.670206433
2	0	19	60	1	2	1.134114948
2	0	19	61	1	2	1.327715595
2	0	19	61	1	2	1.178097245
2	0	19	61	1	2	0.718770219
2	0	19	62	1	2	1.308996939
2	0	19	62	1	2	1.03908177
2	0	19	62	1	2	0.975464519
2	0	19	62	1	2	0.889005271
2	0	19	62	1	2	0.848230016
2	0	19	62	1	2	0.686961594
2	0	19	62	1	2	0.56443948
2	0	19	63	1	2	1.282817
2	0	19	63	1	2	1.228624527
2	0	19	63	1	2	1.204277184
2	0	19	63	1	2	1.110487553
2	0	19	63	1	2	0.870090265
2	0	18	57	1	2	0.889005271
1	1	18	57	1	2	0.85117526
2	0	18	58	1	2	1.151917306
2	0	18	58	1	2	1.063232764
2	0	18	58	1	2	0.954258769
2	0	18	58	1	2	0.85117526
2	0	18	58	1	2	0.794430242
2	0	18	58	1	2	0.686961594
2	0	18	58	2	2	1.110487553
2	0	18	59	1	2	1.443169125
2	0	18	59	1	2	1.178097245
2	0	18	59	1	2	1.178097245
2	0	18	59	1	2	1.178097245
2	0	18	59	1	2	1.151917306
2	0	18	59	1	2	0.85117526
1	1	18	59	1	2	1.063232764
1	1	18	59	1	2	0.975464519
2	0	18	59	2	2	1.230457123
2	0	17	53	1	2	1.063232764
2	0	17	54	1	2	1.204277184
2	0	17	54	1	2	1.063232764
2	0	17	54	1	2	1.060287521
2	0	17	54	1	2	0.954258769
2	0	17	54	1	2	0.907920277
2	0	17	54	2	2	1.060287521
2	0	17	54	2	2	0.954258769
2	0	17	54	2	2	0.933053018
2	0	17	54	2	2	0.770737398
2	0	17	54	2	2	0.589048623
1	1	17	54	2	2	1.308996939
2	0	17	55	1	2	0.832260254
2	0	17	55	1	2	0.813345248
1	1	17	55	2	2	0.954258769
2	0	17	56	1	2	1.282817
2	0	17	56	1	2	1.228624527
2	0	17	56	1	2	1.204277184
2	0	17	56	1	2	1.110487553
2	0	17	56	1	2	0.870090265
2	0	17	56	2	2	1.308996939
2	0	17	56	2	2	1.308996939
2	0	17	56	2	2	1.252251922
2	0	17	56	2	2	1.230457123
2	0	17	56	2	2	1.157742343
2	0	17	56	2	2	1.03908177
1	1	17	56	2	2	0.975464519
1	1	16	50	1	2	0.477129384
1	1	16	50	1	2	0.477129384
1	1	16	50	1	2	0.424115008
2	0	16	50	2	2	0.813345248
1	1	16	50	2	2	1.157742343
1	1	16	50	2	2	1.01787602
1	1	16	50	2	2	0.6626797
2	0	16	51	1	2	1.361356817
2	0	16	51	1	2	1.282817
2	0	16	51	1	2	1.151917306
2	0	16	51	1	2	1.03908177
2	0	16	51	1	2	1.03908177
2	0	16	51	1	2	1.03908177
2	0	16	51	1	2	1.03908177
2	0	16	51	1	2	1.01787602
2	0	16	51	1	2	0.926835283
2	0	16	51	2	2	1.178097245
2	0	16	51	2	2	1.060287521
2	0	16	51	2	2	1.060287521
2	0	16	51	2	2	1.01787602
2	0	16	51	2	2	1.01787602
2	0	16	51	2	2	0.996670269
2	0	16	51	2	2	0.992350579
2	0	16	51	2	2	0.975464519
2	0	16	51	2	2	0.954258769
2	0	16	51	2	2	0.933053018
2	0	16	51	2	2	0.848230016
2	0	16	51	2	2	0.837758041
2	0	16	51	2	2	0.703716754
2	0	16	51	2	2	0.692132131
2	0	16	52	1	2	1.466076572
2	0	16	52	1	2	1.181369737
2	0	16	52	1	2	1.178097245
2	0	16	52	1	2	1.134114948
2	0	16	52	1	2	1.134114948
2	0	16	52	1	2	1.063232764
2	0	16	52	1	2	1.015977974
2	0	16	52	1	2	0.794430242
1	1	16	52	1	2	1.178097245
2	0	16	52	2	2	1.181369737
2	0	16	52	2	2	1.060287521
2	0	16	52	2	2	1.03908177
2	0	16	52	2	2	1.01787602
2	0	16	52	2	2	1.01787602
2	0	16	52	2	2	0.945750288
2	0	16	52	2	2	0.933053018
2	0	16	52	2	2	0.870090265
2	0	16	52	2	2	0.85117526
2	0	16	52	2	2	0.832260254
2	0	16	52	2	2	0.82100288
2	0	16	52	2	2	0.775515237
2	0	16	52	2	2	0.775515237
2	0	16	52	2	2	0.706858347
2	0	16	52	2	2	0.6626797
2	0	15	46	1	1	1.558622655
2	0	15	46	1	1	1.50089589
2	0	15	46	1	1	1.472032508
2	0	15	46	1	1	1.387536755
2	0	15	46	1	1	1.361356817
2	0	15	46	1	1	1.361356817
2	0	15	46	1	1	1.335176878
2	0	15	46	1	1	1.335176878
2	0	15	46	1	1	1.308996939
2	0	15	46	1	1	1.308996939
2	0	15	46	1	1	1.282817
2	0	15	46	1	1	1.282817
2	0	15	46	1	1	1.256637061
2	0	15	46	1	1	1.181369737
2	0	15	46	1	1	1.181369737
2	0	15	46	1	1	1.102699021
2	0	15	46	1	1	1.081493271
2	0	15	46	1	1	1.063232764
2	0	15	46	1	1	1.060287521
2	0	15	46	1	1	1.060287521
2	0	15	46	1	1	1.03908177
2	0	15	46	1	1	0.964665294
2	0	15	46	1	1	0.907920277
2	0	15	46	1	1	0.82100288
2	0	15	46	1	1	0.751036994
2	0	15	46	1	1	0.721584563
1	1	15	46	1	1	1.615564022
1	1	15	46	1	1	1.443169125
1	1	15	46	1	1	1.414305743
1	1	15	46	1	1	1.414305743
1	1	15	46	1	1	1.413716694
1	1	15	46	1	1	1.323134106
1	1	15	46	1	1	1.308996939
1	1	15	46	1	1	1.308996939
1	1	15	46	1	1	1.282817
1	1	15	46	1	1	1.282817
1	1	15	46	1	1	1.282817
1	1	15	46	1	1	1.228624527
1	1	15	46	1	1	1.181369737
1	1	15	46	1	1	1.181369737
1	1	15	46	1	1	1.181369737
1	1	15	46	1	1	1.181369737
1	1	15	46	1	1	1.157742343
1	1	15	46	1	1	1.134114948
1	1	15	46	1	1	1.134114948
1	1	15	46	1	1	1.102699021
1	1	15	46	1	1	1.102699021
1	1	15	46	1	1	1.099557429
1	1	15	46	1	1	1.060287521
1	1	15	46	1	1	1.060287521
1	1	15	46	1	1	1.015977974
1	1	15	46	1	1	0.945750288
1	1	15	46	1	1	0.889005271
1	1	15	46	1	1	0.85117526
1	1	15	46	1	1	0.780489425
1	1	15	46	1	1	0.737227076
1	1	15	46	1	1	0.6626797
2	0	15	46	2	1	1.387536755
1	1	15	46	2	1	1.439896633
1	1	15	46	2	1	1.439896633
1	1	15	46	2	1	1.413716694
1	1	15	46	2	1	1.413716694
1	1	15	46	2	1	1.361356817
1	1	15	46	2	1	1.335176878
1	1	15	46	2	1	1.204997132
1	1	15	46	2	1	1.181369737
2	0	15	47	1	1	2.87351008
2	0	15	47	1	1	2.528785737
2	0	15	47	1	1	1.835017359
2	0	15	47	1	1	1.731148452
2	0	15	47	1	1	1.678919474
2	0	15	47	1	1	1.558622655
2	0	15	47	1	1	1.558622655
2	0	15	47	1	1	1.529759273
2	0	15	47	1	1	1.529759273
2	0	15	47	1	1	1.529759273
2	0	15	47	1	1	1.520530844
2	0	15	47	1	1	1.439896633
2	0	15	47	1	1	1.413716694
2	0	15	47	1	1	1.38544236
2	0	15	47	1	1	1.361356817
2	0	15	47	1	1	1.356578978
2	0	15	47	1	1	1.327715595
2	0	15	47	1	1	1.323134106
2	0	15	47	1	1	1.308996939
2	0	15	47	1	1	1.282817
2	0	15	47	1	1	1.256637061
2	0	15	47	1	1	1.252251922
2	0	15	47	1	1	1.204997132
2	0	15	47	1	1	1.181369737
2	0	15	47	1	1	1.181369737
2	0	15	47	1	1	1.181369737
2	0	15	47	1	1	1.181369737
2	0	15	47	1	1	1.081493271
2	0	15	47	1	1	0.996670269
2	0	15	47	1	1	0.945750288
2	0	15	47	1	1	0.589048623
1	1	15	47	1	1	2.208932335
1	1	15	47	1	1	1.960353816
1	1	15	47	1	1	1.869640328
1	1	15	47	1	1	1.678919474
1	1	15	47	1	1	1.529759273
1	1	15	47	1	1	1.529759273
1	1	15	47	1	1	1.443169125
1	1	15	47	1	1	1.335176878
1	1	15	47	1	1	1.282817
1	1	15	47	1	1	1.252251922
1	1	15	47	1	1	1.204997132
1	1	15	47	1	1	1.181369737
1	1	15	47	1	1	1.110487553
1	1	15	47	1	1	1.021017612
1	1	15	47	2	1	1.282817
2	0	15	48	1	1	1.731148452
2	0	15	48	1	1	1.61634942
2	0	15	48	1	1	1.583886296
2	0	15	48	1	1	1.443169125
2	0	15	48	1	1	1.443169125
2	0	15	48	1	1	1.387536755
2	0	15	48	1	1	1.387536755
2	0	15	48	1	1	1.256637061
2	0	15	48	1	1	1.228624527
2	0	15	48	1	1	1.166316273
2	0	15	48	1	1	0.964665294
1	1	15	48	1	1	2.148849375
1	1	15	48	1	1	2.045307717
1	1	15	48	1	1	2.042755173
1	1	15	48	1	1	1.809557368
1	1	15	48	1	1	1.765771421
1	1	15	48	1	1	1.731148452
1	1	15	48	1	1	1.678919474
1	1	15	48	1	1	1.61634942
1	1	15	48	1	1	1.61634942
1	1	15	48	1	1	1.583886296
1	1	15	48	1	1	1.558622655
1	1	15	48	1	1	1.529759273
1	1	15	48	1	1	1.518436449
1	1	15	48	1	1	1.466076572
1	1	15	48	1	1	1.443169125
1	1	15	48	1	1	1.387536755
1	1	15	48	1	1	1.387536755
1	1	15	48	1	1	1.387536755
1	1	15	48	1	1	1.387536755
1	1	15	48	1	1	1.387536755
1	1	15	48	1	1	1.282817
1	1	15	48	1	1	1.275879316
1	1	15	48	1	1	1.256637061
1	1	15	48	1	1	1.252251922
1	1	15	48	1	1	1.228624527
1	1	15	48	1	1	1.204997132
1	1	15	48	1	1	1.181369737
1	1	15	48	1	1	1.181369737
1	1	15	48	1	1	1.181369737
1	1	15	48	1	1	1.181369737
1	1	15	48	1	1	1.157742343
1	1	15	48	1	1	1.157742343
1	1	15	48	1	1	1.151917306
1	1	15	48	1	1	1.134114948
1	1	15	48	1	1	1.060287521
2	0	15	48	2	1	1.443169125
2	0	15	48	2	1	1.308996939
2	0	15	48	2	1	1.308996939
2	0	15	48	2	1	1.282817
2	0	15	48	2	1	1.228624527
2	0	15	48	2	1	1.110487553
2	0	15	48	2	1	1.060287521
2	0	15	48	2	1	1.03908177
2	0	15	48	2	1	1.01787602
1	1	15	48	2	1	1.627279545
1	1	15	48	2	1	1.558622655
1	1	15	48	2	1	1.38544236
1	1	15	48	2	1	1.335176878
1	1	15	48	2	1	1.181369737
1	1	15	48	2	1	1.110487553
1	1	15	48	2	1	0.996670269
1	1	15	48	2	1	0.926835283
2	0	15	49	1	1	2.208932335
2	0	15	49	1	1	1.960353816
2	0	15	49	1	1	1.960353816
2	0	15	49	1	1	1.938886266
2	0	15	49	1	1	1.742274926
2	0	15	49	1	1	1.742274926
2	0	15	49	1	1	1.731148452
2	0	15	49	1	1	1.645212803
2	0	15	49	1	1	1.587486038
2	0	15	49	1	1	1.587486038
2	0	15	49	1	1	1.587486038
2	0	15	49	1	1	1.583886296
2	0	15	49	1	1	1.558622655
2	0	15	49	1	1	1.518436449
2	0	15	49	1	1	1.50089589
2	0	15	49	1	1	1.443169125
2	0	15	49	1	1	1.414305743
2	0	15	49	1	1	1.414305743
2	0	15	49	1	1	1.413716694
2	0	15	49	1	1	1.387536755
2	0	15	49	1	1	1.387536755
2	0	15	49	1	1	1.361356817
2	0	15	49	1	1	1.361356817
2	0	15	49	1	1	1.335176878
2	0	15	49	1	1	1.308996939
2	0	15	49	1	1	1.275879316
2	0	15	49	1	1	1.228624527
2	0	15	49	1	1	1.228624527
2	0	15	49	1	1	1.181369737
2	0	15	49	1	1	1.125737368
1	1	15	49	1	1	1.731148452
1	1	15	49	1	1	1.696525483
1	1	15	49	1	1	1.61634942
1	1	15	49	1	1	1.387536755
1	1	15	49	1	1	1.134114948
2	0	15	49	2	1	1.805630378
2	0	15	49	2	1	1.678919474
2	0	15	49	2	1	1.647241748
2	0	15	49	2	1	1.645212803
2	0	15	49	2	1	1.61634942
2	0	15	49	2	1	1.558622655
2	0	15	49	2	1	1.558622655
2	0	15	49	2	1	1.558622655
2	0	15	49	2	1	1.439896633
2	0	15	49	2	1	1.439896633
2	0	15	49	2	1	1.413716694
2	0	15	49	2	1	1.387536755
2	0	15	49	2	1	1.275879316
1	1	15	49	2	1	1.938886266
2	0	14	43	1	1	1.835017359
2	0	14	43	1	1	1.583886296
2	0	14	43	1	1	1.55220857
2	0	14	43	1	1	1.50089589
2	0	14	43	1	1	1.443169125
2	0	14	43	1	1	1.414305743
2	0	14	43	1	1	1.356578978
2	0	14	43	1	1	1.308996939
2	0	14	43	1	1	1.282817
2	0	14	43	1	1	1.256637061
2	0	14	43	1	1	1.256637061
2	0	14	43	1	1	1.157742343
2	0	14	43	1	1	1.134114948
2	0	14	43	1	1	1.134114948
2	0	14	43	1	1	1.134114948
2	0	14	43	1	1	0.813345248
1	1	14	43	1	1	1.647241748
1	1	14	43	1	1	1.414305743
1	1	14	43	1	1	1.308996939
1	1	14	43	1	1	1.282817
1	1	14	43	1	1	1.181369737
2	0	14	44	1	1	1.645212803
2	0	14	44	1	1	1.558622655
2	0	14	44	1	1	1.335176878
2	0	14	44	1	1	1.230457123
2	0	14	44	1	1	1.134114948
2	0	14	44	1	1	1.081493271
2	0	14	44	1	1	0.9835803
2	0	14	44	1	1	0.854513202
2	0	14	44	1	1	0.703716754
1	1	14	44	1	1	1.615564022
1	1	14	44	1	1	1.558622655
1	1	14	44	1	1	1.50089589
1	1	14	44	1	1	1.472032508
1	1	14	44	1	1	1.472032508
1	1	14	44	1	1	1.413716694
1	1	14	44	1	1	1.413716694
1	1	14	44	1	1	1.335176878
1	1	14	44	1	1	1.308996939
1	1	14	44	1	1	1.308996939
1	1	14	44	1	1	1.308996939
1	1	14	44	1	1	1.308996939
1	1	14	44	1	1	1.308996939
1	1	14	44	1	1	1.298852213
1	1	14	44	1	1	1.256637061
1	1	14	44	1	1	1.252251922
1	1	14	44	1	1	1.228624527
1	1	14	44	1	1	1.204997132
1	1	14	44	1	1	1.181369737
1	1	14	44	1	1	1.181369737
1	1	14	44	1	1	1.157742343
1	1	14	44	1	1	1.157742343
1	1	14	44	1	1	1.145110522
1	1	14	44	1	1	1.060287521
1	1	14	44	1	1	1.03908177
1	1	14	44	1	1	1.015977974
1	1	14	44	1	1	0.996670269
1	1	14	44	1	1	0.954258769
1	1	14	44	1	1	0.945750288
2	0	14	44	2	1	1.282817
2	0	14	44	2	1	1.157742343
2	0	14	44	2	1	1.110487553
2	0	14	44	2	1	1.102699021
2	0	14	44	2	1	0.954258769
2	0	14	44	2	1	0.933053018
2	0	14	44	2	1	0.889005271
1	1	14	44	2	1	1.868985829
1	1	14	44	2	1	1.414305743
1	1	14	44	2	1	1.413716694
1	1	14	44	2	1	1.308996939
1	1	14	44	2	1	1.282817
1	1	14	44	2	1	1.256637061
1	1	14	44	2	1	1.178097245
1	1	14	44	2	1	1.060287521
1	1	14	44	2	1	0.832260254
1	1	14	44	2	1	0.721584563
2	0	14	45	1	1	1.973509235
2	0	14	45	1	1	1.837308104
2	0	14	45	1	1	1.73180295
2	0	14	45	1	1	1.678919474
2	0	14	45	1	1	1.61634942
2	0	14	45	1	1	1.587486038
2	0	14	45	1	1	1.55220857
2	0	14	45	1	1	1.466076572
2	0	14	45	1	1	1.466076572
2	0	14	45	1	1	1.466076572
2	0	14	45	1	1	1.466076572
2	0	14	45	1	1	1.443169125
2	0	14	45	1	1	1.414305743
2	0	14	45	1	1	1.413716694
2	0	14	45	1	1	1.387536755
2	0	14	45	1	1	1.387536755
2	0	14	45	1	1	1.387536755
2	0	14	45	1	1	1.361356817
2	0	14	45	1	1	1.323134106
2	0	14	45	1	1	1.308996939
2	0	14	45	2	1	1.773952652
2	0	14	45	2	1	1.742274926
2	0	14	45	2	1	1.558622655
2	0	14	45	2	1	1.558622655
2	0	14	45	2	1	1.50089589
2	0	14	45	2	1	1.414305743
2	0	14	45	2	1	1.413716694
2	0	14	45	2	1	1.361356817
2	0	14	45	2	1	1.361356817
2	0	14	45	2	1	1.308996939
2	0	14	45	2	1	1.230457123
2	0	14	45	2	1	1.228624527
2	0	14	45	2	1	1.157742343
2	0	14	45	2	1	1.134114948
1	1	14	45	2	1	1.387536755
2	0	14	45	3	1	1.181369737
2	0	13	41	1	1	2.566157599
2	0	13	41	1	1	2.521913503
2	0	13	41	1	1	2.372556952
2	0	13	41	1	1	2.331650798
2	0	13	41	1	1	2.16802618
2	0	13	41	1	1	2.148849375
2	0	13	41	1	1	2.008132204
2	0	13	41	1	1	1.938886266
2	0	13	41	1	1	1.932341281
2	0	13	41	1	1	1.869640328
2	0	13	41	1	1	1.869640328
2	0	13	41	1	1	1.789529715
2	0	13	41	1	1	1.7105972
2	0	13	41	1	1	1.702939568
2	0	13	41	1	1	1.674076185
2	0	13	41	1	1	1.61634942
2	0	13	41	1	1	1.518436449
2	0	13	41	1	1	1.443169125
2	0	13	41	1	1	1.413716694
2	0	13	41	1	1	1.413716694
2	0	13	41	1	1	1.39401629
2	0	13	41	1	1	1.387536755
2	0	13	41	1	1	1.387536755
2	0	13	41	1	1	1.346761501
1	1	13	41	1	1	1.835017359
1	1	13	41	1	1	1.773952652
1	1	13	41	1	1	1.61634942
1	1	13	41	1	1	1.529759273
1	1	13	41	1	1	1.335176878
1	1	13	41	1	1	1.181369737
1	1	13	41	1	1	1.1545353
1	1	13	41	1	1	0.926835283
2	0	13	41	2	1	2.536181569
2	0	13	41	2	1	1.869640328
2	0	13	41	2	1	1.61634942
2	0	13	41	2	1	1.466076572
1	1	13	41	2	1	1.938886266
1	1	13	41	2	1	1.773952652
1	1	13	41	2	1	1.587486038
1	1	13	41	2	1	1.529759273
1	1	13	41	2	1	1.49225651
1	1	13	41	2	1	1.439896633
1	1	13	41	2	1	1.252251922
2	0	13	42	1	1	1.80039439
2	0	13	42	1	1	1.742274926
2	0	13	42	1	1	1.529759273
2	0	13	42	1	1	1.413716694
2	0	13	42	1	1	1.38544236
2	0	13	42	1	1	1.361356817
2	0	13	42	1	1	1.361356817
2	0	13	42	1	1	1.323134106
2	0	13	42	1	1	1.308996939
2	0	13	42	1	1	1.298852213
2	0	13	42	1	1	1.282817
2	0	13	42	1	1	1.228624527
2	0	13	42	1	1	1.204277184
2	0	13	42	1	1	1.157742343
2	0	13	42	1	1	1.157742343
2	0	13	42	1	1	1.102699021
2	0	13	42	1	1	1.060287521
2	0	13	42	1	1	1.060287521
2	0	13	42	1	1	0.6626797
1	1	13	42	1	1	1.7105972
1	1	13	42	1	1	1.529759273
1	1	13	42	1	1	1.308996939
1	1	13	42	1	1	1.308996939
1	1	13	42	1	1	1.308996939
1	1	13	42	1	1	1.181369737
1	1	13	42	1	1	1.181369737
1	1	13	42	1	1	1.086860158
2	0	13	42	2	1	1.742274926
2	0	13	42	2	1	1.615564022
2	0	13	42	2	1	1.615564022
2	0	13	42	2	1	1.413716694
2	0	13	42	2	1	1.387536755
2	0	13	42	2	1	1.361356817
2	0	13	42	2	1	1.275879316
2	0	13	42	2	1	1.204997132
2	0	13	42	2	1	1.157742343
2	0	13	42	2	1	1.123904772
1	1	13	42	2	1	1.439896633
1	1	13	42	2	1	1.439896633
1	1	13	42	2	1	1.387536755
1	1	13	42	2	1	1.299506711
1	1	13	42	2	1	1.228624527
1	1	13	42	2	1	1.03908177
2	0	12	38	1	1	1.731148452
2	0	12	38	1	1	1.558622655
2	0	12	38	1	1	1.529759273
2	0	12	38	1	1	1.50089589
2	0	12	38	1	1	1.387536755
2	0	12	38	1	1	1.361356817
2	0	12	38	1	1	1.361356817
2	0	12	38	1	1	1.361356817
2	0	12	38	1	1	1.335176878
2	0	12	38	1	1	1.323134106
2	0	12	38	1	1	1.308996939
2	0	12	38	1	1	1.308996939
2	0	12	38	1	1	1.308996939
2	0	12	38	1	1	1.282817
2	0	12	38	1	1	1.282817
2	0	12	38	1	1	1.282817
2	0	12	38	1	1	1.282817
2	0	12	38	1	1	1.181369737
2	0	12	38	1	1	1.181369737
2	0	12	38	1	1	1.157742343
2	0	12	38	1	1	1.081493271
1	1	12	38	1	1	1.413716694
1	1	12	38	1	1	1.387536755
1	1	12	38	1	1	1.387536755
1	1	12	38	1	1	1.335176878
1	1	12	38	1	1	1.308996939
1	1	12	38	1	1	1.282817
1	1	12	38	1	1	1.256637061
1	1	12	38	1	1	1.252251922
1	1	12	38	1	1	1.181369737
1	1	12	38	1	1	1.178097245
1	1	12	38	1	1	1.157742343
1	1	12	38	1	1	1.081493271
1	1	12	38	1	1	0.996670269
1	1	12	38	1	1	0.6626797
2	0	12	38	2	1	1.335176878
1	1	12	38	2	1	1.973509235
1	1	12	38	2	1	1.805630378
1	1	12	38	2	1	1.558622655
1	1	12	38	2	1	1.50089589
1	1	12	38	2	1	1.472032508
1	1	12	38	2	1	1.387536755
1	1	12	38	2	1	1.38544236
1	1	12	38	2	1	1.335176878
1	1	12	38	2	1	1.282817
1	1	12	38	2	1	1.275879316
2	0	12	39	1	1	1.731148452
2	0	12	39	1	1	1.696525483
2	0	12	39	1	1	1.55220857
2	0	12	39	1	1	1.443169125
2	0	12	39	1	1	1.443169125
2	0	12	39	1	1	1.425497667
2	0	12	39	1	1	1.387536755
2	0	12	39	1	1	1.356578978
2	0	12	39	1	1	1.327715595
2	0	12	39	1	1	1.282817
2	0	12	39	1	1	1.228624527
2	0	12	39	1	1	1.157742343
2	0	12	39	1	1	1.134114948
2	0	12	39	1	1	0.996670269
1	1	12	39	1	1	1.960353816
1	1	12	39	1	1	1.938886266
1	1	12	39	1	1	1.84725648
1	1	12	39	1	1	1.731148452
1	1	12	39	1	1	1.696525483
1	1	12	39	1	1	1.661902514
1	1	12	39	1	1	1.615564022
1	1	12	39	1	1	1.558622655
1	1	12	39	1	1	1.529759273
1	1	12	39	1	1	1.529759273
1	1	12	39	1	1	1.466076572
1	1	12	39	1	1	1.443169125
1	1	12	39	1	1	1.443169125
1	1	12	39	1	1	1.413716694
1	1	12	39	1	1	1.387536755
1	1	12	39	1	1	1.387536755
1	1	12	39	1	1	1.361356817
1	1	12	39	1	1	1.335176878
1	1	12	39	1	1	1.323134106
1	1	12	39	1	1	1.26998883
1	1	12	39	1	1	1.252251922
1	1	12	39	1	1	1.230457123
1	1	12	39	1	1	1.230457123
1	1	12	39	1	1	1.228624527
1	1	12	39	1	1	1.212262065
1	1	12	39	1	1	1.181369737
1	1	12	39	2	1	0.926835283
1	1	12	39	3	1	1.587486038
2	0	12	40	1	1	1.835017359
2	0	12	40	1	1	1.835017359
2	0	12	40	1	1	1.587486038
2	0	12	40	1	1	1.583886296
2	0	12	40	1	1	1.558622655
2	0	12	40	1	1	1.387536755
2	0	12	40	1	1	1.308996939
2	0	12	40	1	1	1.181369737
2	0	12	40	1	1	1.063232764
1	1	12	40	1	1	1.765771421
1	1	12	40	1	1	1.742274926
1	1	12	40	1	1	1.674076185
1	1	12	40	1	1	1.627279545
1	1	12	40	1	1	1.587486038
1	1	12	40	1	1	1.587486038
1	1	12	40	1	1	1.583886296
1	1	12	40	1	1	1.583886296
1	1	12	40	1	1	1.529759273
1	1	12	40	1	1	1.529759273
1	1	12	40	1	1	1.529759273
1	1	12	40	1	1	1.50089589
1	1	12	40	1	1	1.414305743
1	1	12	40	1	1	1.413716694
1	1	12	40	1	1	1.413716694
1	1	12	40	1	1	1.387536755
1	1	12	40	1	1	1.38544236
1	1	12	40	1	1	1.361356817
1	1	12	40	1	1	1.361356817
1	1	12	40	1	1	1.361356817
1	1	12	40	1	1	1.335176878
1	1	12	40	1	1	1.335176878
1	1	12	40	1	1	1.308996939
1	1	12	40	1	1	1.308996939
1	1	12	40	1	1	1.308996939
1	1	12	40	1	1	1.282817
1	1	12	40	1	1	1.181369737
1	1	12	40	1	1	1.157742343
1	1	12	40	1	1	1.110487553
1	1	12	40	1	1	1.102699021
1	1	12	40	1	1	1.086860158
1	1	12	40	1	1	1.063232764
1	1	12	40	1	1	0.848230016
2	0	12	40	2	1	1.583886296
2	0	12	40	2	1	1.49225651
2	0	12	40	2	1	1.413716694
2	0	12	40	2	1	1.361356817
1	1	12	40	2	1	1.472032508
1	1	12	40	2	1	1.413716694
1	1	11	35	1	1	2.086213872
1	1	11	35	1	1	1.938886266
1	1	11	35	1	1	1.922654704
1	1	11	35	1	1	1.884955592
1	1	11	35	1	1	1.869640328
1	1	11	35	1	1	1.835017359
1	1	11	35	1	1	1.742274926
1	1	11	35	1	1	1.678919474
1	1	11	35	1	1	1.647241748
1	1	11	35	1	1	1.61634942
1	1	11	35	1	1	1.61634942
1	1	11	35	1	1	1.615564022
1	1	11	35	1	1	1.615564022
1	1	11	35	1	1	1.587486038
1	1	11	35	1	1	1.558622655
1	1	11	35	1	1	1.558622655
1	1	11	35	1	1	1.529759273
1	1	11	35	1	1	1.529759273
1	1	11	35	1	1	1.50089589
1	1	11	35	1	1	1.472032508
1	1	11	35	1	1	1.472032508
1	1	11	35	1	1	1.466076572
1	1	11	35	1	1	1.464898474
1	1	11	35	1	1	1.443169125
1	1	11	35	1	1	1.414305743
1	1	11	35	1	1	1.414305743
1	1	11	35	1	1	1.413716694
1	1	11	35	1	1	1.413716694
1	1	11	35	1	1	1.413716694
1	1	11	35	1	1	1.413716694
1	1	11	35	1	1	1.413716694
1	1	11	35	1	1	1.387536755
1	1	11	35	1	1	1.387536755
1	1	11	35	1	1	1.387536755
1	1	11	35	1	1	1.335176878
1	1	11	35	1	1	1.335176878
1	1	11	35	1	1	1.308996939
1	1	11	35	1	1	1.299506711
1	1	11	35	1	1	1.282817
1	1	11	35	1	1	1.275879316
1	1	11	35	1	1	1.252251922
1	1	11	35	1	1	1.228624527
1	1	11	35	1	1	1.228624527
1	1	11	35	1	1	1.002495306
1	1	11	35	1	1	0.854513202
1	1	11	35	1	1	0.721584563
2	0	11	35	2	1	1.904263297
2	0	11	35	2	1	1.904263297
2	0	11	35	2	1	1.61634942
2	0	11	35	2	1	1.587486038
2	0	11	35	2	1	1.587486038
2	0	11	35	2	1	1.387536755
2	0	11	35	2	1	1.387536755
2	0	11	35	2	1	1.387536755
2	0	11	35	2	1	1.387536755
2	0	11	35	2	1	1.361356817
2	0	11	35	2	1	1.335176878
1	1	11	35	2	1	1.973509235
1	1	11	35	2	1	1.868985829
1	1	11	35	2	1	1.805630378
1	1	11	35	2	1	1.742274926
1	1	11	35	2	1	1.678919474
1	1	11	35	2	1	1.61634942
1	1	11	35	2	1	1.544616388
1	1	11	35	2	1	1.529759273
1	1	11	35	2	1	1.529759273
1	1	11	35	2	1	1.518436449
1	1	11	35	2	1	1.50089589
1	1	11	35	2	1	1.439896633
1	1	11	35	2	1	1.413716694
1	1	11	35	2	1	1.387536755
1	1	11	35	2	1	1.361356817
2	0	11	36	1	1	2.454369261
2	0	11	36	1	1	2.008132204
2	0	11	36	1	1	1.900663555
2	0	11	36	1	1	1.837308104
2	0	11	36	1	1	1.818393098
2	0	11	36	1	1	1.596976266
2	0	11	36	1	1	1.587486038
2	0	11	36	1	1	1.570796327
2	0	11	36	1	1	1.544616388
2	0	11	36	1	1	1.50089589
2	0	11	36	1	1	1.308996939
1	1	11	36	1	1	2.299645822
1	1	11	36	1	1	2.208932335
1	1	11	36	1	1	2.208932335
1	1	11	36	1	1	2.112001111
1	1	11	36	1	1	2.077378142
1	1	11	36	1	1	2.042755173
1	1	11	36	1	1	1.904263297
1	1	11	36	1	1	1.904263297
1	1	11	36	1	1	1.868985829
1	1	11	36	1	1	1.837308104
1	1	11	36	1	1	1.80039439
1	1	11	36	1	1	1.702939568
1	1	11	36	1	1	1.674076185
1	1	11	36	1	1	1.674076185
1	1	11	36	1	1	1.674076185
1	1	11	36	1	1	1.61634942
1	1	11	36	1	1	1.61634942
1	1	11	36	1	1	1.596976266
1	1	11	36	1	1	1.596976266
1	1	11	36	1	1	1.587486038
1	1	11	36	1	1	1.570796327
1	1	11	36	1	1	1.570796327
1	1	11	36	1	1	1.558622655
1	1	11	36	1	1	1.558622655
1	1	11	36	1	1	1.544616388
1	1	11	36	1	1	1.529759273
1	1	11	36	1	1	1.49225651
1	1	11	36	1	1	1.466076572
1	1	11	36	1	1	1.466076572
1	1	11	36	1	1	1.466076572
1	1	11	36	1	1	1.443169125
1	1	11	36	1	1	1.443169125
1	1	11	36	1	1	1.443169125
1	1	11	36	1	1	1.439896633
1	1	11	36	1	1	1.439896633
1	1	11	36	1	1	1.417643685
1	1	11	36	1	1	1.417643685
1	1	11	36	1	1	1.39401629
1	1	11	36	1	1	1.39401629
1	1	11	36	1	1	1.299506711
1	1	11	36	1	1	1.181369737
1	1	11	36	2	1	1.773952652
2	0	11	37	1	1	2.186548487
2	0	11	37	1	1	2.03575204
2	0	11	37	1	1	2.03575204
2	0	11	37	1	1	1.837308104
2	0	11	37	1	1	1.7105972
2	0	11	37	1	1	1.674076185
2	0	11	37	1	1	1.558622655
2	0	11	37	1	1	1.529759273
2	0	11	37	1	1	1.518436449
2	0	11	37	1	1	1.443169125
2	0	11	37	1	1	1.443169125
2	0	11	37	1	1	1.439896633
2	0	11	37	1	1	1.413716694
2	0	11	37	1	1	1.413716694
2	0	11	37	1	1	1.413716694
2	0	11	37	1	1	1.413716694
2	0	11	37	1	1	1.308996939
2	0	11	37	1	1	1.181369737
1	1	11	37	1	1	2.208932335
1	1	11	37	1	1	2.03575204
1	1	11	37	1	1	2.008132204
1	1	11	37	1	1	2.008132204
1	1	11	37	1	1	1.938886266
1	1	11	37	1	1	1.868985829
1	1	11	37	1	1	1.837308104
1	1	11	37	1	1	1.835017359
1	1	11	37	1	1	1.805630378
1	1	11	37	1	1	1.80039439
1	1	11	37	1	1	1.765771421
1	1	11	37	1	1	1.678919474
1	1	11	37	1	1	1.678919474
1	1	11	37	1	1	1.674076185
1	1	11	37	1	1	1.674076185
1	1	11	37	1	1	1.674076185
1	1	11	37	1	1	1.647241748
1	1	11	37	1	1	1.647241748
1	1	11	37	1	1	1.583886296
1	1	11	37	1	1	1.570796327
1	1	11	37	1	1	1.558622655
1	1	11	37	1	1	1.529759273
1	1	11	37	1	1	1.529759273
1	1	11	37	1	1	1.49225651
1	1	11	37	1	1	1.439896633
1	1	11	37	1	1	1.387536755
1	1	11	37	1	1	1.335176878
1	1	11	37	1	1	1.335176878
1	1	11	37	1	1	1.308996939
1	1	11	37	1	1	1.308996939
1	1	11	37	1	1	1.308996939
1	1	11	37	1	1	1.275879316
1	1	11	37	1	1	1.252251922
1	1	11	37	1	1	1.228624527
1	1	11	37	1	1	1.060287521
1	1	11	37	1	1	0.945750288
2	0	11	37	2	1	1.587486038
2	0	11	37	2	1	1.299506711
1	1	11	37	2	1	1.596976266
1	1	11	37	2	1	1.466076572
1	1	11	37	2	1	1.413716694
1	1	11	37	2	1	1.335176878
1	1	11	37	2	1	1.166316273
1	1	11	37	2	1	1.081493271
1	1	11	37	2	1	0.889005271
2	0	10	32	1	1	1.50089589
2	0	10	32	1	1	1.335176878
2	0	10	32	1	1	1.308996939
2	0	10	32	1	1	1.308996939
2	0	10	32	1	1	1.308996939
2	0	10	32	1	1	1.282817
2	0	10	32	1	1	1.230457123
2	0	10	32	1	1	1.204277184
2	0	10	32	1	1	1.181369737
2	0	10	32	1	1	1.178097245
2	0	10	32	1	1	1.102699021
2	0	10	32	1	1	1.063232764
2	0	10	32	1	1	1.060287521
2	0	10	32	1	1	1.060287521
2	0	10	32	1	1	1.060287521
2	0	10	32	1	1	0.996670269
2	0	10	32	1	1	0.954258769
2	0	10	32	1	1	0.889005271
2	0	10	32	1	1	0.85117526
2	0	10	32	1	1	0.82100288
1	1	10	32	1	1	1.583886296
1	1	10	32	1	1	1.529759273
1	1	10	32	1	1	1.443169125
1	1	10	32	1	1	1.413716694
1	1	10	32	1	1	1.361356817
1	1	10	32	1	1	1.361356817
1	1	10	32	1	1	1.308996939
1	1	10	32	1	1	1.282817
1	1	10	32	1	1	1.256637061
1	1	10	32	1	1	1.157742343
1	1	10	32	1	1	1.086860158
1	1	10	32	1	1	1.086860158
1	1	10	32	1	1	0.996670269
1	1	10	32	1	1	0.926835283
1	1	10	32	1	1	0.870090265
1	1	10	32	1	1	0.82100288
1	1	10	32	2	1	1.583886296
1	1	10	32	2	1	1.335176878
1	1	10	32	2	1	1.308996939
1	1	10	32	2	1	1.178097245
1	1	10	32	2	1	0.945750288
2	0	10	33	1	1	2.208932335
2	0	10	33	1	1	2.208932335
2	0	10	33	1	1	2.073451151
2	0	10	33	1	1	1.869640328
2	0	10	33	1	1	1.678919474
2	0	10	33	1	1	1.661902514
2	0	10	33	1	1	1.61634942
2	0	10	33	1	1	1.587486038
2	0	10	33	1	1	1.587486038
2	0	10	33	1	1	1.587486038
2	0	10	33	1	1	1.583886296
2	0	10	33	1	1	1.558622655
2	0	10	33	1	1	1.558622655
2	0	10	33	1	1	1.49225651
2	0	10	33	1	1	1.49225651
2	0	10	33	1	1	1.443169125
2	0	10	33	1	1	1.323134106
2	0	10	33	1	1	1.308996939
2	0	10	33	1	1	1.256637061
2	0	10	33	1	1	1.134114948
2	0	10	33	1	1	1.099557429
1	1	10	33	1	1	1.998052928
1	1	10	33	1	1	1.998052928
1	1	10	33	1	1	1.973509235
1	1	10	33	1	1	1.73180295
1	1	10	33	1	1	1.731148452
1	1	10	33	1	1	1.731148452
1	1	10	33	1	1	1.678919474
1	1	10	33	1	1	1.587486038
1	1	10	33	1	1	1.558622655
1	1	10	33	1	1	1.558622655
1	1	10	33	1	1	1.443169125
1	1	10	33	1	1	1.443169125
1	1	10	33	1	1	1.439896633
1	1	10	33	1	1	1.387536755
1	1	10	33	1	1	1.387536755
1	1	10	33	1	1	1.38544236
1	1	10	33	1	1	1.323134106
1	1	10	33	1	1	1.256637061
1	1	10	33	1	1	1.228624527
1	1	10	33	1	1	1.03908177
1	1	10	33	2	1	1.413716694
1	1	10	33	2	1	1.335176878
1	1	10	33	2	1	1.282817
1	1	10	33	2	1	1.282817
1	1	10	33	2	1	1.282817
1	1	10	33	2	1	1.275879316
1	1	10	33	2	1	1.204997132
1	1	10	33	2	1	1.204277184
1	1	10	33	2	1	1.060287521
1	1	10	33	2	1	0.975464519
1	1	10	33	2	1	0.813345248
2	0	10	33	3	1	1.583886296
2	0	10	33	3	1	1.439896633
2	0	10	33	3	1	1.228624527
1	1	10	33	3	1	2.008132204
1	1	10	33	3	1	1.998052928
1	1	10	33	3	1	1.938886266
1	1	10	33	3	1	1.869640328
1	1	10	33	3	1	1.805630378
1	1	10	33	3	1	1.805630378
1	1	10	33	3	1	1.742274926
1	1	10	33	3	1	1.678919474
1	1	10	33	3	1	1.587486038
1	1	10	33	3	1	1.518436449
1	1	10	33	3	1	1.518436449
1	1	10	33	3	1	1.472032508
1	1	10	33	3	1	1.466076572
1	1	10	33	3	1	1.414305743
1	1	10	33	3	1	1.387536755
1	1	10	33	3	1	1.387536755
1	1	10	33	3	1	1.335176878
1	1	10	33	3	1	1.275879316
1	1	10	33	3	1	0.9835803
2	0	10	34	1	1	1.998052928
2	0	10	34	1	1	1.904263297
2	0	10	34	1	1	1.884955592
2	0	10	34	1	1	1.7105972
2	0	10	34	1	1	1.583886296
2	0	10	34	1	1	1.49225651
2	0	10	34	1	1	1.413716694
2	0	10	34	1	1	1.335176878
2	0	10	34	1	1	1.181369737
1	1	10	34	1	1	2.261946711
1	1	10	34	1	1	2.148849375
1	1	10	34	1	1	2.148849375
1	1	10	34	1	1	2.127120026
1	1	10	34	1	1	2.111150263
1	1	10	34	1	1	1.973509235
1	1	10	34	1	1	1.960353816
1	1	10	34	1	1	1.938886266
1	1	10	34	1	1	1.837308104
1	1	10	34	1	1	1.80039439
1	1	10	34	1	1	1.742274926
1	1	10	34	1	1	1.7105972
1	1	10	34	1	1	1.678919474
1	1	10	34	1	1	1.645212803
1	1	10	34	1	1	1.61634942
1	1	10	34	1	1	1.466076572
1	1	10	34	1	1	1.466076572
1	1	10	34	1	1	1.443169125
1	1	10	34	1	1	1.439896633
1	1	10	34	1	1	1.439896633
1	1	10	34	1	1	1.439896633
1	1	10	34	1	1	1.439896633
1	1	10	34	1	1	1.387536755
1	1	10	34	1	1	1.361356817
1	1	10	34	1	1	1.335176878
1	1	10	34	1	1	1.335176878
1	1	10	34	1	1	1.308996939
1	1	10	34	1	1	1.299506711
1	1	10	34	1	1	1.299506711
1	1	10	34	1	1	1.228624527
1	1	10	34	1	1	1.145110522
2	0	10	34	2	1	1.742274926
2	0	10	34	2	1	1.529759273
2	0	10	34	2	1	1.50089589
2	0	10	34	2	1	1.413716694
1	1	10	34	2	1	1.869640328
1	1	10	34	2	1	1.805630378
1	1	10	34	2	1	1.702939568
1	1	10	34	2	1	1.647241748
1	1	10	34	2	1	1.645212803
1	1	10	34	2	1	1.61634942
1	1	10	34	2	1	1.587486038
1	1	10	34	2	1	1.583886296
1	1	10	34	2	1	1.466076572
1	1	10	34	2	1	1.439896633
1	1	10	34	2	1	1.414305743
1	1	10	34	2	1	1.387536755
1	1	10	34	2	1	1.361356817
1	1	10	34	2	1	1.346761501
1	1	10	34	2	1	1.335176878
1	1	10	34	2	1	1.335176878
2	0	9	29	1	1	2.77088472
2	0	9	29	1	1	1.973509235
2	0	9	29	1	1	1.938886266
2	0	9	29	1	1	1.922654704
2	0	9	29	1	1	1.773952652
2	0	9	29	1	1	1.742274926
2	0	9	29	1	1	1.439896633
1	1	9	29	1	1	2.111150263
1	1	9	29	1	1	2.086213872
1	1	9	29	1	1	1.998052928
1	1	9	29	1	1	1.904263297
1	1	9	29	1	1	1.837308104
1	1	9	29	1	1	1.742274926
1	1	9	29	1	1	1.583886296
1	1	9	29	1	1	1.529759273
1	1	9	29	1	1	1.49225651
1	1	9	29	1	1	1.49225651
1	1	9	29	1	1	1.335176878
2	0	9	29	2	1	1.742274926
2	0	9	29	2	1	1.49225651
2	0	9	29	2	1	1.472032508
2	0	9	29	2	1	1.275879316
2	0	9	29	2	1	1.081493271
2	0	9	29	2	1	1.03908177
2	0	9	29	2	1	1.002495306
2	0	9	29	2	1	0.964665294
2	0	9	29	2	1	0.888023523
1	1	9	29	2	1	2.03575204
1	1	9	29	2	1	1.837308104
1	1	9	29	2	1	1.7105972
1	1	9	29	2	1	1.49225651
1	1	9	29	2	1	1.413716694
1	1	9	29	2	1	1.413716694
1	1	9	29	2	1	1.387536755
1	1	9	29	2	1	1.323134106
1	1	9	29	2	1	1.204997132
1	1	9	29	2	1	1.204997132
1	1	9	29	2	1	1.204997132
1	1	9	29	2	1	1.081493271
1	1	9	29	2	1	0.964665294
1	1	9	29	2	1	0.82100288
2	0	9	30	1	1	2.290744643
2	0	9	30	1	1	2.111150263
2	0	9	30	1	1	2.073451151
2	0	9	30	1	1	2.045307717
2	0	9	30	1	1	1.998052928
2	0	9	30	1	1	1.960353816
2	0	9	30	1	1	1.938886266
2	0	9	30	1	1	1.900663555
2	0	9	30	1	1	1.869640328
2	0	9	30	1	1	1.837308104
2	0	9	30	1	1	1.773952652
2	0	9	30	1	1	1.558622655
2	0	9	30	1	1	1.518436449
2	0	9	30	1	1	1.518436449
2	0	9	30	1	1	1.50089589
2	0	9	30	1	1	1.50089589
2	0	9	30	1	1	1.50089589
2	0	9	30	1	1	1.49225651
2	0	9	30	1	1	1.466076572
2	0	9	30	1	1	1.413716694
2	0	9	30	1	1	1.413716694
2	0	9	30	1	1	1.387536755
2	0	9	30	1	1	1.335176878
1	1	9	30	1	1	1.973509235
1	1	9	30	1	1	1.80039439
1	1	9	30	1	1	1.80039439
1	1	9	30	1	1	1.529759273
1	1	9	30	1	1	1.49225651
1	1	9	30	1	1	1.466076572
1	1	9	30	1	1	1.387536755
1	1	9	30	1	1	1.387536755
1	1	9	30	1	1	1.323134106
1	1	9	30	1	1	1.308996939
1	1	9	30	1	1	1.282817
1	1	9	30	1	1	1.123904772
2	0	9	30	2	1	2.372556952
2	0	9	30	2	1	2.112001111
2	0	9	30	2	1	2.03575204
2	0	9	30	2	1	1.904263297
2	0	9	30	2	1	1.835017359
2	0	9	30	2	1	1.645212803
2	0	9	30	2	1	1.544616388
2	0	9	30	2	1	1.50089589
2	0	9	30	2	1	1.49225651
2	0	9	30	2	1	1.49225651
2	0	9	30	2	1	1.439896633
2	0	9	30	2	1	1.413716694
1	1	9	30	2	1	2.224247599
1	1	9	30	2	1	1.938886266
1	1	9	30	2	1	1.645212803
1	1	9	30	2	1	1.587486038
1	1	9	30	2	1	1.570796327
1	1	9	30	2	1	1.558622655
1	1	9	30	2	1	1.49225651
1	1	9	30	2	1	1.466076572
1	1	9	30	2	1	1.308996939
2	0	9	31	1	1	1.558622655
1	1	9	31	1	1	2.290744643
1	1	9	31	1	1	2.249838489
1	1	9	31	1	1	2.186548487
1	1	9	31	1	1	2.073451151
1	1	9	31	1	1	2.073451151
1	1	9	31	1	1	2.042755173
1	1	9	31	1	1	2.008132204
1	1	9	31	1	1	1.973509235
1	1	9	31	1	1	1.938886266
1	1	9	31	1	1	1.932341281
1	1	9	31	1	1	1.868985829
1	1	9	31	1	1	1.837308104
1	1	9	31	1	1	1.805630378
1	1	9	31	1	1	1.773952652
1	1	9	31	1	1	1.674076185
1	1	9	31	1	1	1.647241748
1	1	9	31	1	1	1.645212803
1	1	9	31	1	1	1.61634942
1	1	9	31	1	1	1.529759273
1	1	9	31	1	1	1.413716694
1	1	9	31	1	1	1.387536755
1	1	9	31	1	1	1.387536755
1	1	9	31	1	1	1.323134106
1	1	9	31	2	1	2.111150263
1	1	9	31	2	1	1.973509235
1	1	9	31	2	1	1.900663555
1	1	9	31	2	1	1.805630378
1	1	9	31	2	1	1.773952652
1	1	9	31	2	1	1.678919474
1	1	9	31	2	1	1.49225651
1	1	9	31	2	1	1.439896633
1	1	9	31	2	1	1.387536755
1	1	9	31	2	1	1.387536755
2	0	8	26	1	1	1.964019007
2	0	8	26	1	1	1.742274926
2	0	8	26	1	1	1.649336143
2	0	8	26	1	1	1.587486038
2	0	8	26	1	1	1.439896633
2	0	8	26	1	1	1.346761501
2	0	8	26	1	1	1.314756526
2	0	8	26	1	1	1.229933524
2	0	8	26	1	1	1.153815352
1	1	8	26	1	1	1.932341281
1	1	8	26	1	1	1.805630378
1	1	8	26	1	1	1.675516082
1	1	8	26	1	1	1.570796327
1	1	8	26	1	1	1.272345025
1	1	8	26	1	1	1.272345025
1	1	8	26	1	1	0.75686203
2	0	8	26	2	1	1.900663555
2	0	8	26	2	1	1.645212803
2	0	8	26	2	1	1.570796327
2	0	8	26	2	1	1.558622655
2	0	8	26	2	1	1.544616388
2	0	8	26	2	1	1.544616388
2	0	8	26	2	1	1.544616388
2	0	8	26	2	1	1.518436449
2	0	8	26	2	1	1.417643685
2	0	8	26	2	1	1.39401629
2	0	8	26	2	1	1.39401629
2	0	8	26	2	1	1.346761501
2	0	8	26	2	1	1.272345025
2	0	8	26	2	1	1.110487553
2	0	8	26	2	1	1.102699021
1	1	8	26	2	1	1.518436449
1	1	8	26	2	1	1.417643685
1	1	8	26	2	1	1.370388895
1	1	8	26	2	1	1.002495306
2	0	8	26	3	1	2.743133985
1	1	8	26	3	1	1.413716694
2	0	8	27	1	1	2.224247599
2	0	8	27	1	1	1.938886266
2	0	8	27	1	1	1.938886266
2	0	8	27	1	1	1.922654704
2	0	8	27	1	1	1.869640328
2	0	8	27	1	1	1.837308104
2	0	8	27	1	1	1.544616388
2	0	8	27	1	1	1.529759273
2	0	8	27	1	1	1.529759273
2	0	8	27	1	1	1.518436449
2	0	8	27	1	1	1.466076572
2	0	8	27	1	1	1.443169125
2	0	8	27	1	1	1.439896633
2	0	8	27	1	1	1.361356817
2	0	8	27	1	1	1.335176878
2	0	8	27	1	1	1.282817
1	1	8	27	1	1	2.290744643
1	1	8	27	1	1	2.077378142
1	1	8	27	1	1	2.045307717
1	1	8	27	1	1	1.973509235
1	1	8	27	1	1	1.900663555
1	1	8	27	1	1	1.868985829
1	1	8	27	1	1	1.674076185
1	1	8	27	1	1	1.518436449
1	1	8	27	1	1	1.518436449
1	1	8	27	1	1	1.50089589
1	1	8	27	1	1	1.49225651
1	1	8	27	1	1	1.472032508
1	1	8	27	1	1	1.466076572
1	1	8	27	1	1	1.413716694
1	1	8	27	1	1	1.387536755
1	1	8	27	1	1	1.063232764
2	0	8	27	2	1	2.03575204
2	0	8	27	2	1	2.008132204
2	0	8	27	2	1	2.008132204
2	0	8	27	2	1	1.960353816
2	0	8	27	2	1	1.960353816
2	0	8	27	2	1	1.835017359
2	0	8	27	2	1	1.805630378
2	0	8	27	2	1	1.702939568
2	0	8	27	2	1	1.61634942
2	0	8	27	2	1	1.615564022
2	0	8	27	2	1	1.49225651
2	0	8	27	2	1	1.49225651
2	0	8	27	2	1	1.49225651
2	0	8	27	2	1	1.466076572
2	0	8	27	2	1	1.413716694
2	0	8	27	2	1	1.413716694
2	0	8	27	2	1	1.413716694
2	0	8	27	2	1	1.413716694
2	0	8	27	2	1	1.387536755
2	0	8	27	2	1	1.387536755
2	0	8	27	2	1	1.387536755
2	0	8	27	2	1	1.308996939
1	1	8	27	2	1	2.008132204
1	1	8	27	2	1	1.7105972
1	1	8	27	2	1	1.678919474
1	1	8	27	2	1	1.678919474
1	1	8	27	2	1	1.678919474
1	1	8	27	2	1	1.61634942
1	1	8	27	2	1	1.615564022
1	1	8	27	2	1	1.544616388
1	1	8	27	2	1	1.466076572
1	1	8	27	2	1	1.466076572
1	1	8	27	2	1	1.443169125
1	1	8	27	2	1	1.439896633
1	1	8	27	2	1	1.282817
2	0	8	28	1	1	1.938886266
2	0	8	28	1	1	1.900663555
2	0	8	28	1	1	1.884955592
2	0	8	28	1	1	1.809557368
2	0	8	28	1	1	1.80039439
2	0	8	28	1	1	1.583886296
2	0	8	28	1	1	1.558622655
2	0	8	28	1	1	1.518436449
2	0	8	28	1	1	1.466076572
2	0	8	28	1	1	1.387536755
1	1	8	28	1	1	2.454369261
1	1	8	28	1	1	2.261946711
1	1	8	28	1	1	2.111150263
1	1	8	28	1	1	1.932341281
1	1	8	28	1	1	1.900663555
1	1	8	28	1	1	1.869640328
1	1	8	28	1	1	1.674076185
1	1	8	28	1	1	1.570796327
1	1	8	28	1	1	1.544616388
1	1	8	28	1	1	1.518436449
1	1	8	28	1	1	1.466076572
1	1	8	28	1	1	1.413716694
2	0	8	28	2	1	2.413463106
2	0	8	28	2	1	2.299645822
2	0	8	28	2	1	2.186548487
2	0	8	28	2	1	2.148849375
2	0	8	28	2	1	2.148849375
2	0	8	28	2	1	2.111150263
2	0	8	28	2	1	2.042755173
2	0	8	28	2	1	2.042755173
2	0	8	28	2	1	1.973509235
2	0	8	28	2	1	1.904263297
2	0	8	28	2	1	1.904263297
2	0	8	28	2	1	1.900663555
2	0	8	28	2	1	1.674076185
2	0	8	28	2	1	1.645212803
2	0	8	28	2	1	1.587486038
2	0	8	28	2	1	1.558622655
2	0	8	28	2	1	1.518436449
2	0	8	28	2	1	1.518436449
2	0	8	28	2	1	1.49225651
2	0	8	28	2	1	1.49225651
2	0	8	28	2	1	1.466076572
2	0	8	28	2	1	1.439896633
2	0	8	28	2	1	1.413716694
2	0	8	28	2	1	1.387536755
2	0	8	28	2	1	1.335176878
2	0	8	28	2	1	1.323134106
1	1	8	28	2	1	2.148849375
1	1	8	28	2	1	2.111150263
1	1	8	28	2	1	1.904263297
1	1	8	28	2	1	1.702939568
1	1	8	28	2	1	1.439896633
1	1	8	28	2	1	1.413716694
2	0	8	28	3	1	2.042755173
2	0	8	28	3	1	1.837308104
2	0	8	28	3	1	1.49225651
2	0	8	28	3	1	1.413716694
2	0	8	28	3	1	1.387536755
1	1	8	28	3	1	2.454369261
1	1	8	28	3	1	1.805630378
1	1	8	28	3	1	1.387536755
2	0	7	22	1	1	2.45044227
2	0	7	22	1	1	2.261946711
2	0	7	22	1	1	1.900663555
2	0	7	22	1	1	1.868985829
2	0	7	22	1	1	1.773952652
2	0	7	22	1	1	1.649336143
2	0	7	22	1	1	1.596976266
2	0	7	22	1	1	1.544616388
2	0	7	22	1	1	1.518436449
2	0	7	22	1	1	1.229933524
1	1	7	22	1	1	2.412743158
1	1	7	22	1	1	2.112001111
1	1	7	22	1	1	1.73180295
1	1	7	22	1	1	1.73180295
1	1	7	22	1	1	1.727875959
1	1	7	22	1	1	1.645212803
1	1	7	22	1	1	1.596976266
1	1	7	22	1	1	1.587486038
1	1	7	22	1	1	1.570796327
1	1	7	22	1	1	1.570796327
1	1	7	22	1	1	1.544616388
1	1	7	22	1	1	1.544616388
1	1	7	22	1	1	1.518436449
1	1	7	22	1	1	1.39401629
1	1	7	22	1	1	1.39401629
2	0	7	22	2	1	2.186548487
2	0	7	22	2	1	1.805630378
2	0	7	22	2	1	1.789529715
2	0	7	22	2	1	1.760666333
2	0	7	22	2	1	1.760666333
2	0	7	22	2	1	1.73180295
2	0	7	22	2	1	1.674076185
2	0	7	22	2	1	1.623156204
2	0	7	22	2	1	1.596976266
2	0	7	22	2	1	1.570796327
2	0	7	22	2	1	1.518436449
2	0	7	22	2	1	1.466076572
2	0	7	22	2	1	1.370388895
2	0	7	22	2	1	1.323134106
2	0	7	22	2	1	1.229933524
1	1	7	22	2	1	2.454369261
1	1	7	22	2	1	2.077378142
1	1	7	22	2	1	1.84725648
1	1	7	22	2	1	1.84725648
1	1	7	22	2	1	1.789529715
1	1	7	22	2	1	1.596976266
1	1	7	22	2	1	1.596976266
1	1	7	22	2	1	1.570796327
1	1	7	22	2	1	1.570796327
1	1	7	22	2	1	1.570796327
1	1	7	22	2	1	1.544616388
1	1	7	22	2	1	1.518436449
1	1	7	22	2	1	1.512153264
1	1	7	22	2	1	1.466076572
1	1	7	22	2	1	1.466076572
1	1	7	22	2	1	1.370388895
2	0	7	22	3	1	2.299645822
2	0	7	22	3	1	1.73180295
2	0	7	22	3	1	1.596976266
2	0	7	22	3	1	1.544616388
1	1	7	22	3	1	1.544616388
2	0	7	23	1	1	2.654645792
2	0	7	23	1	1	2.372556952
2	0	7	23	1	1	2.354361894
2	0	7	23	1	1	2.331650798
2	0	7	23	1	1	2.290744643
2	0	7	23	1	1	2.077378142
2	0	7	23	1	1	2.008132204
2	0	7	23	1	1	1.973509235
2	0	7	23	1	1	1.960353816
2	0	7	23	1	1	1.904263297
2	0	7	23	1	1	1.869640328
2	0	7	23	1	1	1.837308104
2	0	7	23	1	1	1.837308104
2	0	7	23	1	1	1.805630378
2	0	7	23	1	1	1.731148452
2	0	7	23	1	1	1.7105972
2	0	7	23	1	1	1.696525483
2	0	7	23	1	1	1.592656576
2	0	7	23	1	1	1.50089589
2	0	7	23	1	1	1.49225651
2	0	7	23	1	1	1.413716694
1	1	7	23	1	1	2.331650798
1	1	7	23	1	1	1.973509235
1	1	7	23	1	1	0.718770219
2	0	7	23	2	1	3.181386161
2	0	7	23	2	1	2.454369261
2	0	7	23	2	1	2.290744643
2	0	7	23	2	1	2.261946711
2	0	7	23	2	1	2.212204827
2	0	7	23	2	1	2.186548487
2	0	7	23	2	1	2.186548487
2	0	7	23	2	1	2.148849375
2	0	7	23	2	1	2.111150263
2	0	7	23	2	1	2.027374459
2	0	7	23	2	1	2.008132204
2	0	7	23	2	1	1.973509235
2	0	7	23	2	1	1.938886266
2	0	7	23	2	1	1.932341281
2	0	7	23	2	1	1.869640328
2	0	7	23	2	1	1.805630378
2	0	7	23	2	1	1.805630378
2	0	7	23	2	1	1.742274926
2	0	7	23	2	1	1.731148452
2	0	7	23	2	1	1.7105972
2	0	7	23	2	1	1.587486038
2	0	7	23	2	1	1.570796327
2	0	7	23	2	1	1.558622655
2	0	7	23	2	1	1.466076572
2	0	7	23	2	1	1.466076572
2	0	7	23	2	1	1.466076572
2	0	7	23	2	1	1.439896633
2	0	7	23	2	1	1.413716694
2	0	7	23	2	1	1.413716694
2	0	7	23	2	1	1.387536755
2	0	7	23	2	1	1.335176878
2	0	7	23	3	1	2.186548487
2	0	7	23	3	1	2.03575204
2	0	7	23	3	1	1.973509235
2	0	7	23	3	1	1.960353816
2	0	7	23	3	1	1.960353816
2	0	7	23	3	1	1.674076185
2	0	7	23	3	1	1.61634942
2	0	7	23	3	1	1.466076572
2	0	7	23	3	1	1.413716694
2	0	7	23	3	1	1.413716694
2	0	7	23	3	1	1.387536755
2	0	7	23	3	1	1.361356817
2	0	7	24	1	1	1.868985829
2	0	7	24	1	1	1.73180295
2	0	7	24	1	1	1.596976266
2	0	7	24	1	1	1.417643685
1	1	7	24	1	1	3.335324201
1	1	7	24	1	1	2.077378142
1	1	7	24	1	1	1.995696733
1	1	7	24	1	1	1.876119863
1	1	7	24	1	1	1.868985829
1	1	7	24	1	1	1.805630378
1	1	7	24	1	1	1.760666333
1	1	7	24	1	1	1.73180295
1	1	7	24	1	1	1.649336143
1	1	7	24	1	1	1.645212803
1	1	7	24	1	1	1.623156204
1	1	7	24	1	1	1.596976266
1	1	7	24	1	1	1.570796327
1	1	7	24	1	1	1.570796327
1	1	7	24	1	1	1.570796327
1	1	7	24	1	1	1.570796327
1	1	7	24	1	1	1.558622655
1	1	7	24	1	1	1.544616388
1	1	7	24	1	1	1.518436449
1	1	7	24	1	1	1.512153264
1	1	7	24	1	1	1.464898474
1	1	7	24	1	1	1.464898474
1	1	7	24	1	1	1.44127108
1	1	7	24	1	1	1.439896633
1	1	7	24	1	1	1.439896633
1	1	7	24	1	1	1.417643685
1	1	7	24	1	1	1.417643685
1	1	7	24	1	1	1.413716694
1	1	7	24	1	1	1.413716694
1	1	7	24	1	1	1.39401629
1	1	7	24	1	1	1.293550775
1	1	7	24	1	1	1.272345025
1	1	7	24	1	1	1.251139274
1	1	7	24	1	1	1.229933524
1	1	7	24	1	1	1.229933524
1	1	7	24	1	1	1.229933524
1	1	7	24	1	1	1.166316273
1	1	7	24	1	1	1.134900346
1	1	7	24	1	1	1.097070335
1	1	7	24	1	1	1.078155329
2	0	7	24	2	1	1.964019007
2	0	7	24	2	1	1.932341281
2	0	7	24	2	1	1.84725648
2	0	7	24	2	1	1.818393098
2	0	7	24	2	1	1.742274926
2	0	7	24	2	1	1.73180295
2	0	7	24	2	1	1.596976266
2	0	7	24	2	1	1.518436449
2	0	7	24	2	1	1.466076572
1	1	7	24	2	1	2.375044046
1	1	7	24	2	1	2.215870018
1	1	7	24	2	1	1.995696733
1	1	7	24	2	1	1.900663555
1	1	7	24	2	1	1.760666333
1	1	7	24	2	1	1.596976266
1	1	7	24	2	1	1.570796327
1	1	7	24	2	1	1.570796327
1	1	7	24	2	1	1.570796327
1	1	7	24	2	1	1.570796327
1	1	7	24	2	1	1.570796327
1	1	7	24	2	1	1.544616388
1	1	7	24	2	1	1.518436449
1	1	7	24	2	1	1.49225651
1	1	7	24	2	1	1.466076572
1	1	7	24	2	1	1.370388895
1	1	7	24	2	1	1.346761501
1	1	7	24	2	1	1.314756526
1	1	7	24	2	1	1.293550775
1	1	7	24	2	1	1.275879316
1	1	7	24	2	1	1.272345025
1	1	7	24	2	1	1.208727773
1	1	7	24	2	1	1.166316273
1	1	7	24	2	1	1.11598534
2	0	7	24	3	1	1.932341281
1	1	7	24	3	1	2.077378142
1	1	7	24	3	1	1.964019007
1	1	7	24	3	1	1.645212803
1	1	7	24	3	1	1.570796327
1	1	7	24	3	1	1.544616388
2	0	7	25	1	1	2.495275415
2	0	7	25	1	1	2.073451151
2	0	7	25	1	1	1.742274926
2	0	7	25	1	1	1.256637061
1	1	7	25	1	1	2.787378082
1	1	7	25	1	1	2.566157599
1	1	7	25	1	1	2.290744643
1	1	7	25	1	1	2.224247599
1	1	7	25	1	1	2.208932335
1	1	7	25	1	1	2.186548487
1	1	7	25	1	1	2.186548487
1	1	7	25	1	1	2.148849375
1	1	7	25	1	1	2.086213872
1	1	7	25	1	1	2.086213872
1	1	7	25	1	1	2.045307717
1	1	7	25	1	1	2.042755173
1	1	7	25	1	1	2.042755173
1	1	7	25	1	1	2.03575204
1	1	7	25	1	1	2.03575204
1	1	7	25	1	1	2.008132204
1	1	7	25	1	1	1.998052928
1	1	7	25	1	1	1.973509235
1	1	7	25	1	1	1.973509235
1	1	7	25	1	1	1.960353816
1	1	7	25	1	1	1.900663555
1	1	7	25	1	1	1.884955592
1	1	7	25	1	1	1.884955592
1	1	7	25	1	1	1.805630378
1	1	7	25	1	1	1.805630378
1	1	7	25	1	1	1.805630378
1	1	7	25	1	1	1.773952652
1	1	7	25	1	1	1.742274926
1	1	7	25	1	1	1.7105972
1	1	7	25	1	1	1.7105972
1	1	7	25	1	1	1.7105972
1	1	7	25	1	1	1.7105972
1	1	7	25	1	1	1.678919474
1	1	7	25	1	1	1.61634942
1	1	7	25	1	1	1.583886296
1	1	7	25	1	1	1.583886296
1	1	7	25	1	1	1.558622655
1	1	7	25	1	1	1.558622655
1	1	7	25	1	1	1.558622655
1	1	7	25	1	1	1.55220857
1	1	7	25	1	1	1.55220857
1	1	7	25	1	1	1.49225651
1	1	7	25	1	1	1.472032508
1	1	7	25	1	1	1.457175392
1	1	7	25	1	1	1.439896633
1	1	7	25	1	1	1.414305743
1	1	7	25	1	1	1.413716694
1	1	7	25	1	1	1.387536755
1	1	7	25	1	1	1.387536755
1	1	7	25	1	1	1.387536755
1	1	7	25	1	1	1.361356817
1	1	7	25	1	1	1.361356817
1	1	7	25	1	1	1.282817
1	1	7	25	2	1	2.290744643
1	1	7	25	2	1	2.208932335
1	1	7	25	2	1	2.111150263
1	1	7	25	2	1	2.008132204
1	1	7	25	2	1	1.869640328
1	1	7	25	2	1	1.835017359
1	1	7	25	2	1	1.80039439
1	1	7	25	2	1	1.742274926
1	1	7	25	2	1	1.7105972
1	1	7	25	2	1	1.7105972
1	1	7	25	2	1	1.678919474
1	1	7	25	2	1	1.678919474
1	1	7	25	2	1	1.674076185
1	1	7	25	2	1	1.674076185
1	1	7	25	2	1	1.615564022
1	1	7	25	2	1	1.615564022
1	1	7	25	2	1	1.558622655
1	1	7	25	2	1	1.558622655
1	1	7	25	2	1	1.529759273
1	1	7	25	2	1	1.439896633
1	1	7	25	2	1	1.439896633
1	1	7	25	2	1	1.361356817
1	1	7	25	2	1	1.361356817
1	1	7	25	2	1	1.308996939
2	0	6	18	1	1	2.14662408
2	0	6	18	1	1	2.077378142
2	0	6	18	1	1	2.027374459
2	0	6	18	1	1	1.900663555
2	0	6	18	1	1	1.900663555
2	0	6	18	1	1	1.868985829
2	0	6	18	1	1	1.73180295
2	0	6	18	1	1	1.702939568
2	0	6	18	1	1	1.645212803
2	0	6	18	1	1	1.544616388
2	0	6	18	1	1	1.518436449
2	0	6	18	1	1	1.417643685
2	0	6	18	1	1	1.413716694
2	0	6	18	1	1	1.293550775
2	0	6	18	1	1	1.272345025
1	1	6	18	1	1	2.261946711
1	1	6	18	1	1	1.900663555
1	1	6	18	1	1	1.570796327
1	1	6	18	1	1	1.49225651
1	1	6	18	1	1	0.85117526
2	0	6	18	2	1	2.077378142
2	0	6	18	2	1	1.805630378
2	0	6	18	2	1	1.73180295
2	0	6	18	2	1	1.73180295
2	0	6	18	2	1	1.702939568
2	0	6	18	2	1	1.701696021
2	0	6	18	2	1	1.674076185
2	0	6	18	2	1	1.674076185
2	0	6	18	2	1	1.623156204
2	0	6	18	2	1	1.570796327
2	0	6	18	2	1	1.570796327
2	0	6	18	2	1	1.570796327
2	0	6	18	2	1	1.570796327
2	0	6	18	2	1	1.544616388
2	0	6	18	2	1	1.544616388
2	0	6	18	2	1	1.512153264
2	0	6	18	2	1	1.49225651
2	0	6	18	2	1	1.439896633
2	0	6	18	2	1	1.439896633
2	0	6	18	2	1	1.439896633
2	0	6	18	2	1	1.417643685
2	0	6	18	2	1	1.39401629
2	0	6	18	2	1	1.39401629
2	0	6	18	2	1	1.370388895
2	0	6	18	2	1	1.346761501
2	0	6	18	2	1	1.251139274
2	0	6	18	2	1	1.208727773
1	1	6	18	2	1	1.964019007
1	1	6	18	2	1	1.596976266
1	1	6	18	2	1	1.570796327
1	1	6	18	2	1	1.229933524
2	0	6	19	1	1	2.525840493
2	0	6	19	1	1	1.900663555
2	0	6	19	1	1	1.73180295
2	0	6	19	1	1	1.73180295
2	0	6	19	1	1	1.73180295
2	0	6	19	1	1	1.370388895
2	0	6	19	1	1	1.293550775
1	1	6	19	1	1	2.495275415
1	1	6	19	1	1	2.299645822
1	1	6	19	1	1	2.224247599
1	1	6	19	1	1	2.042755173
1	1	6	19	1	1	2.027374459
1	1	6	19	1	1	1.964019007
1	1	6	19	1	1	1.932341281
1	1	6	19	1	1	1.932341281
1	1	6	19	1	1	1.900663555
1	1	6	19	1	1	1.900663555
1	1	6	19	1	1	1.837308104
1	1	6	19	1	1	1.789529715
1	1	6	19	1	1	1.760666333
1	1	6	19	1	1	1.760666333
1	1	6	19	1	1	1.73180295
1	1	6	19	1	1	1.649336143
1	1	6	19	1	1	1.645212803
1	1	6	19	1	1	1.623156204
1	1	6	19	1	1	1.570796327
1	1	6	19	1	1	1.544616388
1	1	6	19	1	1	1.518436449
1	1	6	19	1	1	1.417643685
1	1	6	19	1	1	1.417643685
1	1	6	19	1	1	1.417643685
1	1	6	19	1	1	1.39401629
1	1	6	19	1	1	1.299506711
1	1	6	19	1	1	1.272345025
1	1	6	19	1	1	1.208727773
1	1	6	19	1	1	1.181369737
1	1	6	19	1	1	1.145110522
2	0	6	19	2	1	2.454369261
2	0	6	19	2	1	1.932341281
2	0	6	19	2	1	1.868985829
2	0	6	19	2	1	1.675516082
2	0	6	19	2	1	1.596976266
2	0	6	19	2	1	1.570796327
2	0	6	19	2	1	1.299506711
1	1	6	19	2	1	2.261946711
1	1	6	19	2	1	2.073451151
1	1	6	19	2	1	1.973509235
1	1	6	19	2	1	1.868985829
1	1	6	19	2	1	1.760666333
1	1	6	19	2	1	1.73180295
1	1	6	19	2	1	1.674076185
1	1	6	19	2	1	1.596976266
1	1	6	19	2	1	1.570796327
1	1	6	19	2	1	1.570796327
1	1	6	19	2	1	1.570796327
1	1	6	19	2	1	1.49225651
1	1	6	19	2	1	1.466076572
1	1	6	19	2	1	1.39401629
1	1	6	19	2	1	1.228624527
1	1	6	19	2	1	1.187522023
1	1	6	19	2	1	1.187522023
1	1	6	19	2	1	0.988554488
1	1	6	19	2	1	0.59009582
1	1	6	19	3	1	1.439896633
2	0	6	20	1	1	2.224247599
2	0	6	20	1	1	2.186548487
2	0	6	20	1	1	2.111150263
2	0	6	20	1	1	2.111150263
2	0	6	20	1	1	2.077378142
2	0	6	20	1	1	1.973509235
2	0	6	20	1	1	1.973509235
2	0	6	20	1	1	1.900663555
2	0	6	20	1	1	1.80039439
2	0	6	20	1	1	1.80039439
2	0	6	20	1	1	1.773952652
2	0	6	20	1	1	1.773952652
2	0	6	20	1	1	1.7105972
2	0	6	20	1	1	1.615564022
2	0	6	20	1	1	1.583886296
2	0	6	20	1	1	1.558622655
2	0	6	20	1	1	1.544616388
2	0	6	20	1	1	1.518436449
2	0	6	20	1	1	1.49225651
2	0	6	20	1	1	1.413716694
2	0	6	20	1	1	1.413716694
2	0	6	20	1	1	1.387536755
2	0	6	20	1	1	1.387536755
2	0	6	20	1	1	1.335176878
2	0	6	20	1	1	1.308996939
2	0	6	20	1	1	1.299506711
1	1	6	20	1	1	3.005915121
1	1	6	20	1	1	2.331650798
1	1	6	20	1	1	1.973509235
1	1	6	20	1	1	1.837308104
1	1	6	20	1	1	1.835017359
1	1	6	20	1	1	1.661902514
1	1	6	20	1	1	1.529759273
1	1	6	20	1	1	1.466076572
1	1	6	20	1	1	0.94509579
1	1	6	20	1	1	0.85117526
1	1	6	20	1	1	0.770737398
1	1	6	20	1	1	0.670206433
2	0	6	20	2	1	2.331650798
2	0	6	20	2	1	2.186548487
2	0	6	20	2	1	2.14662408
2	0	6	20	2	1	2.111150263
2	0	6	20	2	1	2.042755173
2	0	6	20	2	1	2.008132204
2	0	6	20	2	1	1.904263297
2	0	6	20	2	1	1.869640328
2	0	6	20	2	1	1.80039439
2	0	6	20	2	1	1.702939568
2	0	6	20	2	1	1.627279545
2	0	6	20	2	1	1.61634942
2	0	6	20	2	1	1.570796327
2	0	6	20	2	1	1.570796327
2	0	6	20	2	1	1.558622655
2	0	6	20	2	1	1.518436449
2	0	6	20	2	1	1.439896633
2	0	6	20	2	1	1.413716694
2	0	6	20	2	1	1.361356817
1	1	6	20	2	1	1.558622655
1	1	6	20	2	1	1.466076572
1	1	6	20	2	1	1.413716694
1	1	6	20	2	1	1.39401629
1	1	6	20	2	1	1.361356817
1	1	6	20	2	1	1.335176878
1	1	6	20	2	1	1.228624527
2	0	6	21	1	1	2.43335986
2	0	6	21	1	1	2.331650798
2	0	6	21	1	1	2.14662408
2	0	6	21	1	1	2.127120026
2	0	6	21	1	1	2.008132204
2	0	6	21	1	1	1.963495408
2	0	6	21	1	1	1.960353816
2	0	6	21	1	1	1.904263297
2	0	6	21	1	1	1.868985829
2	0	6	21	1	1	1.837308104
2	0	6	21	1	1	1.773952652
2	0	6	21	1	1	1.765771421
2	0	6	21	1	1	1.731148452
2	0	6	21	1	1	1.696525483
2	0	6	21	1	1	1.696525483
2	0	6	21	1	1	1.678919474
2	0	6	21	1	1	1.61634942
2	0	6	21	1	1	1.583886296
2	0	6	21	1	1	1.558622655
2	0	6	21	1	1	1.49225651
2	0	6	21	1	1	1.466076572
2	0	6	21	1	1	1.439896633
2	0	6	21	1	1	1.439896633
2	0	6	21	1	1	1.39401629
2	0	6	21	1	1	1.387536755
2	0	6	21	1	1	1.361356817
2	0	6	21	1	1	1.298852213
2	0	6	21	1	1	1.256637061
2	0	6	21	1	1	1.187522023
2	0	6	21	1	1	1.099557429
1	1	6	21	1	1	2.477669406
1	1	6	21	1	1	2.008132204
1	1	6	21	1	1	1.649336143
2	0	6	21	2	1	2.372556952
2	0	6	21	2	1	2.186548487
2	0	6	21	2	1	2.148849375
2	0	6	21	2	1	2.073451151
2	0	6	21	2	1	2.008132204
2	0	6	21	2	1	1.973509235
2	0	6	21	2	1	1.964019007
2	0	6	21	2	1	1.960353816
2	0	6	21	2	1	1.960353816
2	0	6	21	2	1	1.960353816
2	0	6	21	2	1	1.884955592
2	0	6	21	2	1	1.869640328
2	0	6	21	2	1	1.837308104
2	0	6	21	2	1	1.805630378
2	0	6	21	2	1	1.80039439
2	0	6	21	2	1	1.773952652
2	0	6	21	2	1	1.773952652
2	0	6	21	2	1	1.773952652
2	0	6	21	2	1	1.765771421
2	0	6	21	2	1	1.702939568
2	0	6	21	2	1	1.678919474
2	0	6	21	2	1	1.61634942
2	0	6	21	2	1	1.596976266
2	0	6	21	2	1	1.583886296
2	0	6	21	2	1	1.570796327
2	0	6	21	2	1	1.544616388
2	0	6	21	2	1	1.520530844
2	0	6	21	2	1	1.518436449
2	0	6	21	2	1	1.472032508
2	0	6	21	2	1	1.466076572
2	0	6	21	2	1	1.466076572
2	0	6	21	2	1	1.457175392
2	0	6	21	2	1	1.439896633
2	0	6	21	2	1	1.413716694
2	0	6	21	2	1	1.370388895
2	0	6	21	2	1	1.361356817
2	0	6	21	2	1	1.361356817
2	0	6	21	2	1	1.275879316
2	0	6	21	2	1	1.060287521
2	0	6	21	3	1	2.073451151
2	0	6	21	3	1	1.50089589
1	1	6	21	3	1	1.49225651
2	0	5	14	1	1	2.027374459
2	0	5	14	1	1	1.84725648
2	0	5	14	1	1	1.789529715
2	0	5	14	1	1	1.674076185
2	0	5	14	1	1	1.570796327
2	0	5	14	1	1	1.417643685
1	1	5	14	1	1	2.658900032
1	1	5	14	1	1	2.536181569
1	1	5	14	1	1	2.412743158
1	1	5	14	1	1	2.375044046
1	1	5	14	1	1	2.299645822
1	1	5	14	1	1	2.285115956
1	1	5	14	1	1	2.261946711
1	1	5	14	1	1	2.181247049
1	1	5	14	1	1	2.112001111
1	1	5	14	1	1	2.112001111
1	1	5	14	1	1	2.073451151
1	1	5	14	1	1	1.932341281
1	1	5	14	1	1	1.932341281
1	1	5	14	1	1	1.900663555
1	1	5	14	1	1	1.84725648
1	1	5	14	1	1	1.84725648
1	1	5	14	1	1	1.789529715
1	1	5	14	1	1	1.742274926
1	1	5	14	1	1	1.73180295
1	1	5	14	1	1	1.73180295
1	1	5	14	1	1	1.73180295
1	1	5	14	1	1	1.702939568
1	1	5	14	1	1	1.61634942
1	1	5	14	1	1	1.596976266
1	1	5	14	1	1	1.44127108
1	1	5	14	1	1	1.439896633
1	1	5	14	1	1	1.417643685
1	1	5	14	1	1	1.357168026
1	1	5	14	1	1	1.323134106
2	0	5	14	2	1	2.375044046
2	0	5	14	2	1	2.261946711
2	0	5	14	2	1	1.702939568
2	0	5	14	2	1	1.596976266
2	0	5	14	2	1	1.570796327
2	0	5	14	2	1	1.544616388
2	0	5	14	2	1	1.439896633
2	0	5	14	2	1	1.417643685
2	0	5	14	2	1	1.417643685
2	0	5	14	2	1	1.370388895
1	1	5	14	2	1	2.413463106
1	1	5	14	2	1	2.413463106
1	1	5	14	2	1	2.412743158
1	1	5	14	2	1	2.412743158
1	1	5	14	2	1	2.412743158
1	1	5	14	2	1	2.261946711
1	1	5	14	2	1	2.215870018
1	1	5	14	2	1	2.14662408
1	1	5	14	2	1	2.077378142
1	1	5	14	2	1	2.077378142
1	1	5	14	2	1	1.995696733
1	1	5	14	2	1	1.995696733
1	1	5	14	2	1	1.932341281
1	1	5	14	2	1	1.932341281
1	1	5	14	2	1	1.932341281
1	1	5	14	2	1	1.868985829
1	1	5	14	2	1	1.789529715
1	1	5	14	2	1	1.760666333
1	1	5	14	2	1	1.73180295
1	1	5	14	2	1	1.73180295
1	1	5	14	2	1	1.73180295
1	1	5	14	2	1	1.73180295
1	1	5	14	2	1	1.73180295
1	1	5	14	2	1	1.702939568
1	1	5	14	2	1	1.702939568
1	1	5	14	2	1	1.674076185
1	1	5	14	2	1	1.596976266
1	1	5	14	2	1	1.587486038
1	1	5	14	2	1	1.570796327
1	1	5	14	2	1	1.570796327
1	1	5	14	2	1	1.570796327
1	1	5	14	2	1	1.544616388
1	1	5	14	2	1	1.544616388
1	1	5	14	2	1	1.544616388
1	1	5	14	2	1	1.518436449
1	1	5	14	2	1	1.466076572
1	1	5	14	2	1	1.44127108
1	1	5	14	2	1	1.346761501
1	1	5	14	2	1	1.323134106
1	1	5	14	3	1	1.789529715
1	1	5	14	3	1	1.702939568
1	1	5	14	3	1	1.39401629
2	0	5	15	1	1	3.577815884
2	0	5	15	1	1	3.053628059
2	0	5	15	1	1	2.412743158
2	0	5	15	1	1	2.299645822
2	0	5	15	1	1	2.285115956
2	0	5	15	1	1	2.090729911
2	0	5	15	1	1	1.973509235
2	0	5	15	1	1	1.932341281
2	0	5	15	1	1	1.868985829
2	0	5	15	1	1	1.868985829
2	0	5	15	1	1	1.760666333
2	0	5	15	1	1	1.623156204
2	0	5	15	1	1	1.596976266
2	0	5	15	1	1	1.464898474
2	0	5	15	1	1	1.370388895
1	1	5	15	1	1	2.831622178
1	1	5	15	1	1	2.337344934
1	1	5	15	1	1	2.261946711
1	1	5	15	1	1	2.14662408
1	1	5	15	1	1	2.14662408
1	1	5	15	1	1	2.077378142
1	1	5	15	1	1	1.904263297
1	1	5	15	1	1	1.876119863
2	0	5	15	2	1	2.412743158
2	0	5	15	2	1	2.412743158
2	0	5	15	2	1	2.354361894
2	0	5	15	2	1	2.337344934
2	0	5	15	2	1	2.261946711
2	0	5	15	2	1	2.215870018
2	0	5	15	2	1	2.181247049
2	0	5	15	2	1	2.181247049
2	0	5	15	2	1	2.112001111
2	0	5	15	2	1	2.027374459
2	0	5	15	2	1	2.027374459
2	0	5	15	2	1	2.027374459
2	0	5	15	2	1	1.596976266
2	0	5	15	2	1	1.596976266
2	0	5	15	2	1	1.587486038
2	0	5	15	2	1	1.570796327
2	0	5	15	2	1	1.417643685
1	1	5	15	2	1	2.261946711
1	1	5	15	2	1	1.789529715
1	1	5	15	2	1	1.73180295
1	1	5	15	2	1	1.675516082
1	1	5	15	2	1	1.570796327
1	1	5	15	2	1	1.439896633
1	1	5	15	2	1	1.314756526
2	0	5	15	3	1	1.570796327
1	1	5	15	3	1	1.443169125
2	0	5	16	1	1	3.005915121
2	0	5	16	1	1	2.521913503
2	0	5	16	1	1	2.299645822
2	0	5	16	1	1	2.261946711
2	0	5	16	1	1	2.256448923
2	0	5	16	1	1	2.186548487
2	0	5	16	1	1	2.148849375
2	0	5	16	1	1	2.111150263
2	0	5	16	1	1	2.111150263
2	0	5	16	1	1	2.111150263
2	0	5	16	1	1	1.938886266
2	0	5	16	1	1	1.938886266
2	0	5	16	1	1	1.932341281
2	0	5	16	1	1	1.869640328
2	0	5	16	1	1	1.868985829
2	0	5	16	1	1	1.73180295
2	0	5	16	1	1	1.7105972
2	0	5	16	1	1	1.7105972
2	0	5	16	1	1	1.674076185
2	0	5	16	1	1	1.615564022
2	0	5	16	1	1	1.570796327
2	0	5	16	1	1	1.518436449
2	0	5	16	1	1	1.443169125
2	0	5	16	1	1	1.387536755
2	0	5	16	1	1	1.361356817
1	1	5	16	1	1	2.261946711
1	1	5	16	1	1	1.361356817
2	0	5	16	2	1	2.610401696
2	0	5	16	2	1	2.389181213
2	0	5	16	2	1	2.261946711
2	0	5	16	2	1	2.261946711
2	0	5	16	2	1	2.208932335
2	0	5	16	2	1	2.042755173
2	0	5	16	2	1	2.042755173
2	0	5	16	2	1	2.03575204
2	0	5	16	2	1	2.03575204
2	0	5	16	2	1	2.008132204
2	0	5	16	2	1	1.973509235
2	0	5	16	2	1	1.938886266
2	0	5	16	2	1	1.900663555
2	0	5	16	2	1	1.869640328
2	0	5	16	2	1	1.837308104
2	0	5	16	2	1	1.80039439
2	0	5	16	2	1	1.773952652
2	0	5	16	2	1	1.742274926
2	0	5	16	2	1	1.742274926
2	0	5	16	2	1	1.7105972
2	0	5	16	2	1	1.570796327
2	0	5	16	2	1	1.50089589
2	0	5	16	2	1	1.49225651
2	0	5	16	2	1	1.443169125
2	0	5	16	2	1	1.413716694
2	0	5	16	2	1	1.370388895
2	0	5	16	2	1	1.346761501
2	0	5	16	2	1	1.335176878
2	0	5	16	2	1	1.204997132
1	1	5	16	2	1	2.372556952
1	1	5	16	2	1	1.583886296
1	1	5	16	2	1	1.204997132
2	0	5	16	3	1	2.495275415
2	0	5	16	3	1	2.413463106
2	0	5	16	3	1	2.337344934
2	0	5	16	3	1	2.208932335
2	0	5	16	3	1	2.148849375
2	0	5	16	3	1	2.073451151
2	0	5	16	3	1	1.998052928
2	0	5	16	3	1	1.837308104
2	0	5	16	3	1	1.773952652
2	0	5	16	3	1	1.518436449
2	0	5	16	3	1	1.50089589
2	0	5	16	3	1	1.50089589
2	0	5	16	3	1	1.466076572
2	0	5	16	3	1	1.413716694
2	0	5	16	3	1	1.299506711
2	0	5	16	3	1	1.228624527
1	1	5	16	3	1	1.773952652
1	1	5	16	3	1	1.773952652
1	1	5	16	3	1	1.587486038
2	0	5	17	1	1	2.767350429
2	0	5	17	1	1	2.743133985
2	0	5	17	1	1	2.30069302
2	0	5	17	1	1	2.224247599
2	0	5	17	1	1	2.111150263
2	0	5	17	1	1	2.111150263
2	0	5	17	1	1	2.073451151
2	0	5	17	1	1	2.008132204
2	0	5	17	1	1	1.998052928
2	0	5	17	1	1	1.973509235
2	0	5	17	1	1	1.900663555
2	0	5	17	1	1	1.868985829
2	0	5	17	1	1	1.80039439
2	0	5	17	1	1	1.61634942
2	0	5	17	1	1	1.544616388
2	0	5	17	1	1	1.518436449
2	0	5	17	1	1	1.49225651
2	0	5	17	1	1	1.466076572
2	0	5	17	1	1	1.466076572
2	0	5	17	1	1	1.439896633
2	0	5	17	1	1	1.417643685
2	0	5	17	1	1	1.387536755
1	1	5	17	1	1	2.767350429
1	1	5	17	1	1	2.66825936
1	1	5	17	1	1	2.454369261
1	1	5	17	1	1	2.372556952
1	1	5	17	1	1	2.261946711
1	1	5	17	1	1	2.077378142
1	1	5	17	1	1	1.973509235
1	1	5	17	1	1	1.835017359
1	1	5	17	1	1	1.773952652
1	1	5	17	1	1	1.678919474
1	1	5	17	1	1	1.674076185
1	1	5	17	1	1	1.61634942
1	1	5	17	1	1	1.413716694
1	1	5	17	1	1	1.39401629
1	1	5	17	1	1	1.387536755
1	1	5	17	1	1	1.361356817
1	1	5	17	1	1	1.299506711
1	1	5	17	1	1	1.228624527
2	0	5	17	2	1	2.413463106
2	0	5	17	2	1	2.261946711
2	0	5	17	2	1	2.111150263
2	0	5	17	2	1	2.03575204
2	0	5	17	2	1	2.008132204
2	0	5	17	2	1	1.868985829
2	0	5	17	2	1	1.805630378
2	0	5	17	2	1	1.773952652
2	0	5	17	2	1	1.7105972
2	0	5	17	2	1	1.587486038
2	0	5	17	2	1	1.558622655
2	0	5	17	2	1	1.50089589
2	0	5	17	2	1	1.50089589
2	0	5	17	2	1	1.413716694
1	1	5	17	2	1	2.767350429
1	1	5	17	2	1	2.654645792
1	1	5	17	2	1	2.344937117
1	1	5	17	2	1	2.337344934
1	1	5	17	2	1	2.186548487
1	1	5	17	2	1	1.998052928
1	1	5	17	2	1	1.742274926
1	1	5	17	2	1	1.7105972
1	1	5	17	2	1	1.678919474
1	1	5	17	2	1	1.61634942
1	1	5	17	2	1	1.587486038
1	1	5	17	2	1	1.466076572
1	1	5	17	2	1	1.443169125
1	1	5	17	2	1	1.323134106
1	1	5	17	3	1	2.337344934
1	1	5	17	3	1	1.413716694
2	0	4	11	1	1	2.536181569
2	0	4	11	1	1	2.413463106
2	0	4	11	1	1	2.224247599
2	0	4	11	1	1	2.111150263
2	0	4	11	1	1	2.042755173
2	0	4	11	1	1	1.964019007
2	0	4	11	1	1	1.773952652
2	0	4	11	1	1	1.73180295
2	0	4	11	1	1	1.702939568
2	0	4	11	1	1	1.570796327
2	0	4	11	1	1	1.472032508
2	0	4	11	1	1	1.443169125
2	0	4	11	1	1	1.413716694
2	0	4	11	1	1	1.272345025
1	1	4	11	1	1	2.331650798
1	1	4	11	1	1	2.077378142
1	1	4	11	1	1	1.570796327
1	1	4	11	1	1	1.544616388
1	1	4	11	1	1	1.512153264
1	1	4	11	1	1	1.466076572
1	1	4	11	1	1	1.323134106
2	0	4	11	2	1	2.45044227
2	0	4	11	2	1	2.388984864
2	0	4	11	2	1	2.112001111
2	0	4	11	2	1	1.818393098
2	0	4	11	2	1	1.818393098
2	0	4	11	2	1	1.806415776
2	0	4	11	2	1	1.789529715
2	0	4	11	2	1	1.73180295
2	0	4	11	2	1	1.649336143
2	0	4	11	2	1	1.623156204
2	0	4	11	2	1	1.596976266
2	0	4	11	2	1	1.570796327
2	0	4	11	2	1	1.570796327
2	0	4	11	2	1	1.570796327
2	0	4	11	2	1	1.570796327
2	0	4	11	2	1	1.570796327
2	0	4	11	2	1	1.544616388
2	0	4	11	2	1	1.544616388
2	0	4	11	2	1	1.512153264
2	0	4	11	2	1	1.466076572
2	0	4	11	2	1	1.443169125
2	0	4	11	2	1	1.44127108
2	0	4	11	2	1	1.417643685
2	0	4	11	2	1	1.357168026
2	0	4	11	2	1	1.323134106
2	0	4	11	2	1	1.01787602
1	1	4	11	2	1	2.372556952
1	1	4	11	2	1	1.649336143
1	1	4	11	2	1	1.645212803
1	1	4	11	2	1	1.44127108
1	1	4	11	2	1	1.335176878
1	1	4	11	2	1	1.134900346
1	1	4	11	2	1	0.85117526
1	1	4	11	2	1	0.60292399
2	0	4	11	3	1	2.375044046
2	0	4	11	3	1	2.337344934
2	0	4	11	3	1	1.84725648
2	0	4	11	3	1	1.702939568
2	0	4	11	3	1	1.570796327
2	0	4	11	3	1	1.544616388
2	0	4	11	3	1	1.466076572
2	0	4	11	3	1	1.251139274
2	0	4	12	1	1	1.837308104
2	0	4	12	1	1	1.789529715
2	0	4	12	1	1	1.61634942
2	0	4	12	1	1	1.587486038
2	0	4	12	1	1	1.558622655
2	0	4	12	1	1	1.413716694
1	1	4	12	1	1	2.261946711
1	1	4	12	1	1	2.186548487
1	1	4	12	1	1	1.904263297
1	1	4	12	1	1	1.773952652
1	1	4	12	1	1	1.773952652
1	1	4	12	1	1	1.773952652
1	1	4	12	1	1	1.742274926
1	1	4	12	1	1	1.674076185
1	1	4	12	1	1	1.645212803
1	1	4	12	1	1	1.61634942
1	1	4	12	1	1	1.61634942
1	1	4	12	1	1	1.587486038
1	1	4	12	1	1	1.587486038
1	1	4	12	1	1	1.466076572
1	1	4	12	1	1	1.466076572
1	1	4	12	1	1	1.443169125
1	1	4	12	1	1	1.361356817
1	1	4	12	1	1	1.346761501
1	1	4	12	1	1	1.275879316
1	1	4	12	1	1	1.230457123
1	1	4	12	1	1	1.178097245
1	1	4	12	1	1	1.123904772
1	1	4	12	1	1	0.85117526
1	1	4	12	1	1	0.703716754
1	1	4	12	1	1	0.53014376
2	0	4	12	2	1	2.03575204
2	0	4	12	2	1	1.973509235
2	0	4	12	2	1	1.960353816
2	0	4	12	2	1	1.904263297
2	0	4	12	2	1	1.869640328
2	0	4	12	2	1	1.837308104
2	0	4	12	2	1	1.835017359
2	0	4	12	2	1	1.835017359
2	0	4	12	2	1	1.805630378
2	0	4	12	2	1	1.80039439
2	0	4	12	2	1	1.773952652
2	0	4	12	2	1	1.773952652
2	0	4	12	2	1	1.773952652
2	0	4	12	2	1	1.773952652
2	0	4	12	2	1	1.674076185
2	0	4	12	2	1	1.645212803
2	0	4	12	2	1	1.61634942
2	0	4	12	2	1	1.61634942
2	0	4	12	2	1	1.587486038
2	0	4	12	2	1	1.558622655
2	0	4	12	2	1	1.558622655
2	0	4	12	2	1	1.529759273
2	0	4	12	2	1	1.520530844
2	0	4	12	2	1	1.518436449
2	0	4	12	2	1	1.50089589
2	0	4	12	2	1	1.50089589
2	0	4	12	2	1	1.49225651
2	0	4	12	2	1	1.466076572
2	0	4	12	2	1	1.443169125
2	0	4	12	2	1	1.413716694
2	0	4	12	2	1	1.387536755
2	0	4	12	2	1	1.323134106
2	0	4	12	2	1	1.275879316
2	0	4	12	2	1	1.275879316
2	0	4	12	2	1	1.252251922
2	0	4	12	2	1	1.228624527
2	0	4	12	2	1	1.166316273
2	0	4	12	2	1	1.157742343
2	0	4	12	2	1	1.102699021
2	0	4	12	2	1	1.060287521
2	0	4	12	2	1	0.9835803
1	1	4	12	2	1	2.008132204
1	1	4	12	2	1	1.960353816
1	1	4	12	2	1	1.773952652
1	1	4	12	2	1	1.529759273
1	1	4	12	2	1	1.50089589
1	1	4	12	2	1	1.387536755
2	0	4	12	3	1	1.61634942
2	0	4	12	3	1	1.413716694
1	1	4	13	1	1	2.127120026
1	1	4	13	1	1	2.111150263
1	1	4	13	1	1	2.073451151
1	1	4	13	1	1	1.973509235
1	1	4	13	1	1	1.964019007
1	1	4	13	1	1	1.938886266
1	1	4	13	1	1	1.904263297
1	1	4	13	1	1	1.868985829
1	1	4	13	1	1	1.868985829
1	1	4	13	1	1	1.837308104
1	1	4	13	1	1	1.805630378
1	1	4	13	1	1	1.773952652
1	1	4	13	1	1	1.7105972
1	1	4	13	1	1	1.7105972
1	1	4	13	1	1	1.7105972
1	1	4	13	1	1	1.647241748
1	1	4	13	1	1	1.647241748
1	1	4	13	1	1	1.647241748
1	1	4	13	1	1	1.645212803
1	1	4	13	1	1	1.61634942
1	1	4	13	1	1	1.61634942
1	1	4	13	1	1	1.587486038
1	1	4	13	1	1	1.583886296
1	1	4	13	1	1	1.558622655
1	1	4	13	1	1	1.529759273
1	1	4	13	1	1	1.50089589
1	1	4	13	1	1	1.49225651
1	1	4	13	1	1	1.472032508
1	1	4	13	1	1	1.472032508
1	1	4	13	1	1	1.466076572
1	1	4	13	1	1	1.466076572
1	1	4	13	1	1	1.443169125
1	1	4	13	1	1	1.439896633
1	1	4	13	1	1	1.439896633
1	1	4	13	1	1	1.413716694
1	1	4	13	1	1	1.361356817
1	1	4	13	1	1	1.361356817
1	1	4	13	1	1	1.308996939
1	1	4	13	1	1	1.308996939
1	1	4	13	1	1	1.308996939
1	1	4	13	1	1	1.275879316
1	1	4	13	1	1	1.275879316
1	1	4	13	1	1	1.252251922
1	1	4	13	1	1	1.157742343
1	1	4	13	1	1	1.151917306
1	1	4	13	1	1	1.110487553
1	1	4	13	1	1	1.086860158
1	1	4	13	1	1	0.753982237
2	0	4	13	2	1	1.7105972
2	0	4	13	2	1	1.275879316
2	0	4	13	2	1	1.228624527
1	1	4	13	2	1	2.077378142
1	1	4	13	2	1	1.904263297
1	1	4	13	2	1	1.773952652
1	1	4	13	2	1	1.773952652
1	1	4	13	2	1	1.742274926
1	1	4	13	2	1	1.7105972
1	1	4	13	2	1	1.7105972
1	1	4	13	2	1	1.647241748
1	1	4	13	2	1	1.645212803
1	1	4	13	2	1	1.583886296
1	1	4	13	2	1	1.558622655
1	1	4	13	2	1	1.558622655
1	1	4	13	2	1	1.55220857
1	1	4	13	2	1	1.50089589
1	1	4	13	2	1	1.50089589
1	1	4	13	2	1	1.443169125
1	1	4	13	2	1	1.443169125
1	1	4	13	2	1	1.443169125
1	1	4	13	2	1	1.439896633
1	1	4	13	2	1	1.387536755
1	1	4	13	2	1	1.275879316
1	1	4	13	2	1	1.275879316
1	1	4	13	2	1	1.228624527
1	1	4	13	2	1	1.228624527
1	1	4	13	2	1	1.228624527
1	1	4	13	2	1	1.181369737
1	1	4	13	2	1	1.181369737
1	1	4	13	2	1	1.181369737
1	1	4	13	2	1	1.063232764
1	1	4	13	2	1	1.01787602
2	0	3	8	1	1	2.008132204
2	0	3	8	1	1	1.973509235
2	0	3	8	1	1	1.837308104
2	0	3	8	1	1	1.805630378
2	0	3	8	1	1	1.674076185
2	0	3	8	1	1	1.61634942
2	0	3	8	1	1	1.587486038
2	0	3	8	1	1	1.587486038
2	0	3	8	1	1	1.587486038
2	0	3	8	1	1	1.587486038
2	0	3	8	1	1	1.387536755
2	0	3	8	1	1	1.361356817
2	0	3	8	1	1	1.361356817
2	0	3	8	1	1	1.346761501
2	0	3	8	1	1	1.335176878
2	0	3	8	1	1	1.308996939
2	0	3	8	1	1	1.181369737
1	1	3	8	1	1	2.224247599
1	1	3	8	1	1	2.042755173
1	1	3	8	1	1	2.008132204
1	1	3	8	1	1	1.973509235
1	1	3	8	1	1	1.805630378
1	1	3	8	1	1	1.773952652
1	1	3	8	1	1	1.7105972
1	1	3	8	1	1	1.7105972
1	1	3	8	1	1	1.518436449
1	1	3	8	1	1	1.518436449
1	1	3	8	1	1	1.466076572
1	1	3	8	1	1	1.439896633
1	1	3	8	1	1	1.361356817
1	1	3	8	1	1	1.275879316
1	1	3	8	1	1	1.275879316
2	0	3	8	2	1	2.495275415
2	0	3	8	2	1	2.375044046
2	0	3	8	2	1	2.261946711
2	0	3	8	2	1	2.261946711
2	0	3	8	2	1	2.077378142
2	0	3	8	2	1	2.077378142
2	0	3	8	2	1	2.077378142
2	0	3	8	2	1	2.073451151
2	0	3	8	2	1	1.938886266
2	0	3	8	2	1	1.904263297
2	0	3	8	2	1	1.900663555
2	0	3	8	2	1	1.868985829
2	0	3	8	2	1	1.805630378
2	0	3	8	2	1	1.805630378
2	0	3	8	2	1	1.805630378
2	0	3	8	2	1	1.773952652
2	0	3	8	2	1	1.742274926
2	0	3	8	2	1	1.73180295
2	0	3	8	2	1	1.645212803
2	0	3	8	2	1	1.61634942
2	0	3	8	2	1	1.587486038
2	0	3	8	2	1	1.49225651
2	0	3	8	2	1	1.466076572
2	0	3	8	2	1	1.439896633
2	0	3	8	2	1	1.335176878
1	1	3	8	2	1	1.900663555
1	1	3	8	2	1	1.900663555
1	1	3	8	2	1	1.773952652
1	1	3	8	2	1	1.742274926
1	1	3	8	2	1	1.742274926
1	1	3	8	2	1	1.645212803
1	1	3	8	2	1	1.413716694
1	1	3	8	2	1	1.299506711
2	0	3	8	3	1	1.805630378
1	1	3	8	3	1	1.773952652
2	0	3	9	1	1	1.938886266
2	0	3	9	1	1	1.80039439
2	0	3	9	1	1	1.742274926
2	0	3	9	1	1	1.742274926
2	0	3	9	1	1	1.696525483
2	0	3	9	1	1	1.587486038
2	0	3	9	1	1	1.587486038
2	0	3	9	1	1	1.558622655
2	0	3	9	1	1	1.544616388
2	0	3	9	1	1	1.529759273
2	0	3	9	1	1	1.49225651
2	0	3	9	1	1	1.443169125
2	0	3	9	1	1	1.443169125
2	0	3	9	1	1	1.361356817
2	0	3	9	1	1	1.308996939
2	0	3	9	1	1	1.299506711
1	1	3	9	1	1	2.249838489
1	1	3	9	1	1	2.073451151
1	1	3	9	1	1	1.73180295
1	1	3	9	1	1	1.529759273
1	1	3	9	1	1	1.439896633
1	1	3	9	1	1	1.413716694
1	1	3	9	1	1	1.387536755
1	1	3	9	1	1	0.5131268
2	0	3	9	2	1	2.042755173
2	0	3	9	2	1	1.904263297
2	0	3	9	2	1	1.837308104
2	0	3	9	2	1	1.837308104
2	0	3	9	2	1	1.805630378
2	0	3	9	2	1	1.805630378
2	0	3	9	2	1	1.742274926
2	0	3	9	2	1	1.742274926
2	0	3	9	2	1	1.742274926
2	0	3	9	2	1	1.678919474
2	0	3	9	2	1	1.678919474
2	0	3	9	2	1	1.647241748
2	0	3	9	2	1	1.61634942
2	0	3	9	2	1	1.587486038
2	0	3	9	2	1	1.587486038
2	0	3	9	2	1	1.558622655
2	0	3	9	2	1	1.472032508
2	0	3	9	2	1	1.439896633
2	0	3	9	2	1	1.439896633
2	0	3	9	2	1	1.439896633
2	0	3	9	2	1	1.439896633
2	0	3	9	2	1	1.439896633
2	0	3	9	2	1	1.413716694
2	0	3	9	2	1	1.413716694
2	0	3	9	2	1	1.413716694
2	0	3	9	2	1	1.387536755
2	0	3	9	2	1	1.361356817
2	0	3	9	2	1	1.308996939
2	0	3	9	2	1	1.275879316
2	0	3	9	2	1	1.204997132
1	1	3	9	2	1	1.439896633
1	1	3	9	2	1	1.228624527
1	1	3	9	3	1	1.443169125
2	0	3	10	1	1	2.331650798
2	0	3	10	1	1	2.077378142
2	0	3	10	1	1	1.837308104
2	0	3	10	1	1	1.837308104
2	0	3	10	1	1	1.742274926
2	0	3	10	1	1	1.61634942
2	0	3	10	1	1	1.587486038
2	0	3	10	1	1	1.587486038
2	0	3	10	1	1	1.439896633
2	0	3	10	1	1	1.413716694
1	1	3	10	1	1	1.904263297
1	1	3	10	1	1	1.837308104
1	1	3	10	1	1	1.805630378
1	1	3	10	1	1	1.805630378
1	1	3	10	1	1	1.805630378
1	1	3	10	1	1	1.773952652
1	1	3	10	1	1	1.773952652
1	1	3	10	1	1	1.773952652
1	1	3	10	1	1	1.742274926
1	1	3	10	1	1	1.742274926
1	1	3	10	1	1	1.647241748
1	1	3	10	1	1	1.61634942
1	1	3	10	1	1	1.61634942
1	1	3	10	1	1	1.61634942
1	1	3	10	1	1	1.615564022
1	1	3	10	1	1	1.587486038
1	1	3	10	1	1	1.587486038
1	1	3	10	1	1	1.558622655
1	1	3	10	1	1	1.529759273
1	1	3	10	1	1	1.49225651
1	1	3	10	1	1	1.466076572
1	1	3	10	1	1	1.466076572
1	1	3	10	1	1	1.439896633
1	1	3	10	1	1	1.439896633
1	1	3	10	1	1	1.413716694
1	1	3	10	1	1	1.308996939
1	1	3	10	1	1	1.299506711
1	1	3	10	1	1	1.204277184
1	1	3	10	1	1	1.181369737
1	1	3	10	1	1	1.145110522
2	0	3	10	2	1	1.932341281
2	0	3	10	2	1	1.869640328
2	0	3	10	2	1	1.868985829
2	0	3	10	2	1	1.80039439
2	0	3	10	2	1	1.742274926
2	0	3	10	2	1	1.645212803
2	0	3	10	2	1	1.544616388
2	0	3	10	2	1	1.529759273
2	0	3	10	2	1	1.529759273
2	0	3	10	2	1	1.50089589
2	0	3	10	2	1	1.50089589
2	0	3	10	2	1	1.466076572
2	0	3	10	2	1	1.439896633
2	0	3	10	2	1	1.439896633
2	0	3	10	2	1	1.361356817
2	0	3	10	2	1	1.335176878
2	0	3	10	2	1	1.323134106
2	0	3	10	2	1	1.178097245
1	1	3	10	2	1	1.904263297
1	1	3	10	2	1	1.678919474
1	1	3	10	2	1	1.61634942
1	1	3	10	2	1	1.583886296
1	1	3	10	2	1	1.50089589
1	1	3	10	2	1	1.387536755
1	1	3	10	2	1	1.323134106
1	1	3	10	2	1	1.282817
1	1	3	10	2	1	1.275879316
1	1	3	10	2	1	1.275879316
2	0	3	10	3	1	1.439896633
1	1	3	10	3	1	1.678919474
2	0	2	4	1	1	1.868985829
2	0	2	4	1	1	1.805630378
2	0	2	4	1	1	1.61634942
2	0	2	4	1	1	1.61634942
2	0	2	4	1	1	1.50089589
1	1	2	4	1	1	1.973509235
1	1	2	4	1	1	1.973509235
1	1	2	4	1	1	1.837308104
1	1	2	4	1	1	1.805630378
1	1	2	4	1	1	1.773952652
1	1	2	4	1	1	1.742274926
1	1	2	4	1	1	1.674076185
1	1	2	4	1	1	1.674076185
1	1	2	4	1	1	1.645212803
1	1	2	4	1	1	1.61634942
1	1	2	4	1	1	1.558622655
1	1	2	4	1	1	1.387536755
1	1	2	4	1	1	1.323134106
1	1	2	4	1	1	1.323134106
1	1	2	4	1	1	1.323134106
1	1	2	4	1	1	1.252251922
2	0	2	4	2	1	1.742274926
2	0	2	4	2	1	1.7105972
2	0	2	4	2	1	1.645212803
2	0	2	4	2	1	1.583886296
2	0	2	4	2	1	1.439896633
2	0	2	4	2	1	1.439896633
2	0	2	4	2	1	1.413716694
2	0	2	4	2	1	1.39401629
2	0	2	4	2	1	1.370388895
2	0	2	4	2	1	1.361356817
2	0	2	4	2	1	1.346761501
2	0	2	4	2	1	1.335176878
2	0	2	4	2	1	1.323134106
2	0	2	4	2	1	1.308996939
2	0	2	4	2	1	1.299506711
2	0	2	4	2	1	1.208727773
2	0	2	4	2	1	1.166316273
2	0	2	4	2	1	1.157742343
2	0	2	4	2	1	1.145110522
2	0	2	4	2	1	1.145110522
2	0	2	4	2	1	1.145110522
2	0	2	4	2	1	1.123904772
2	0	2	4	2	1	0.9835803
1	1	2	4	2	1	1.998052928
1	1	2	4	2	1	1.805630378
1	1	2	4	2	1	1.805630378
1	1	2	4	2	1	1.7105972
1	1	2	4	2	1	1.7105972
1	1	2	4	2	1	1.678919474
1	1	2	4	2	1	1.678919474
1	1	2	4	2	1	1.645212803
1	1	2	4	2	1	1.587486038
1	1	2	4	2	1	1.558622655
1	1	2	4	2	1	1.558622655
1	1	2	4	2	1	1.529759273
1	1	2	4	2	1	1.49225651
1	1	2	4	2	1	1.466076572
1	1	2	4	2	1	1.323134106
1	1	2	4	2	1	1.299506711
1	1	2	4	2	1	1.275879316
1	1	2	4	2	1	1.228624527
1	1	2	4	2	1	0.854513202
2	0	2	5	1	1	1.904263297
2	0	2	5	1	1	1.7105972
2	0	2	5	1	1	1.678919474
2	0	2	5	1	1	1.678919474
2	0	2	5	1	1	1.674076185
2	0	2	5	1	1	1.587486038
2	0	2	5	1	1	1.558622655
2	0	2	5	1	1	1.50089589
2	0	2	5	1	1	1.466076572
2	0	2	5	1	1	1.439896633
2	0	2	5	1	1	1.413716694
2	0	2	5	1	1	1.387536755
1	1	2	5	1	1	2.073451151
1	1	2	5	1	1	1.805630378
1	1	2	5	1	1	1.742274926
1	1	2	5	1	1	1.742274926
1	1	2	5	1	1	1.645212803
1	1	2	5	1	1	1.587486038
1	1	2	5	1	1	1.558622655
1	1	2	5	1	1	1.529759273
1	1	2	5	1	1	1.50089589
1	1	2	5	1	1	1.466076572
1	1	2	5	1	1	1.443169125
1	1	2	5	1	1	1.439896633
1	1	2	5	1	1	1.439896633
1	1	2	5	1	1	1.439896633
1	1	2	5	1	1	1.387536755
1	1	2	5	1	1	1.361356817
1	1	2	5	1	1	1.181369737
1	1	2	5	1	1	1.060287521
1	1	2	5	1	1	1.060287521
1	1	2	5	1	1	0.907920277
2	0	2	5	2	1	1.805630378
2	0	2	5	2	1	1.80039439
2	0	2	5	2	1	1.702939568
2	0	2	5	2	1	1.587486038
2	0	2	5	2	1	1.439896633
2	0	2	5	2	1	1.439896633
2	0	2	5	2	1	1.439896633
2	0	2	5	2	1	1.387536755
2	0	2	5	2	1	1.187522023
2	0	2	5	2	1	1.166316273
1	1	2	5	2	1	1.773952652
1	1	2	5	2	1	1.742274926
1	1	2	5	2	1	1.645212803
1	1	2	5	2	1	1.645212803
1	1	2	5	2	1	1.61634942
1	1	2	5	2	1	1.596976266
1	1	2	5	2	1	1.529759273
1	1	2	5	2	1	1.529759273
1	1	2	5	2	1	1.49225651
1	1	2	5	2	1	1.466076572
1	1	2	5	2	1	1.439896633
1	1	2	5	2	1	1.439896633
1	1	2	5	2	1	1.439896633
1	1	2	5	2	1	1.439896633
1	1	2	5	2	1	1.439896633
1	1	2	5	2	1	1.439896633
1	1	2	5	2	1	1.387536755
1	1	2	5	2	1	1.387536755
1	1	2	5	2	1	1.335176878
1	1	2	5	2	1	1.299506711
1	1	2	5	2	1	1.275879316
1	1	2	5	2	1	1.228624527
1	1	2	5	2	1	1.166316273
1	1	2	5	2	1	1.145110522
1	1	2	5	2	1	0.945750288
1	1	2	5	2	1	0.870090265
2	0	2	6	1	1	1.900663555
2	0	2	6	1	1	1.900663555
2	0	2	6	1	1	1.837308104
2	0	2	6	1	1	1.702939568
2	0	2	6	1	1	1.587486038
2	0	2	6	1	1	1.587486038
2	0	2	6	1	1	1.570796327
2	0	2	6	1	1	1.439896633
2	0	2	6	1	1	1.439896633
2	0	2	6	1	1	1.387536755
1	1	2	6	1	1	2.261946711
1	1	2	6	1	1	1.900663555
1	1	2	6	1	1	1.868985829
1	1	2	6	1	1	1.837308104
1	1	2	6	1	1	1.805630378
1	1	2	6	1	1	1.570796327
1	1	2	6	1	1	1.529759273
1	1	2	6	1	1	1.49225651
1	1	2	6	1	1	1.466076572
1	1	2	6	1	1	1.439896633
1	1	2	6	1	1	1.439896633
1	1	2	6	1	1	1.387536755
1	1	2	6	1	1	1.308996939
1	1	2	6	1	1	1.252251922
1	1	2	6	1	1	1.181369737
2	0	2	6	2	1	2.008132204
2	0	2	6	2	1	1.805630378
2	0	2	6	2	1	1.73180295
2	0	2	6	2	1	1.674076185
2	0	2	6	2	1	1.587486038
2	0	2	6	2	1	1.570796327
2	0	2	6	2	1	1.570796327
2	0	2	6	2	1	1.518436449
2	0	2	6	2	1	1.50089589
2	0	2	6	2	1	1.49225651
2	0	2	6	2	1	1.439896633
2	0	2	6	2	1	1.387536755
2	0	2	6	2	1	1.346761501
2	0	2	6	2	1	1.346761501
2	0	2	6	2	1	1.299506711
2	0	2	6	2	1	1.251139274
2	0	2	6	2	1	1.229933524
2	0	2	6	2	1	1.228624527
2	0	2	6	2	1	1.181369737
2	0	2	6	2	1	1.123904772
1	1	2	6	2	1	2.042755173
1	1	2	6	2	1	2.008132204
1	1	2	6	2	1	1.674076185
1	1	2	6	2	1	1.587486038
1	1	2	6	2	1	1.570796327
1	1	2	6	2	1	1.570796327
1	1	2	6	2	1	1.544616388
1	1	2	6	2	1	1.518436449
1	1	2	6	2	1	1.518436449
1	1	2	6	2	1	1.49225651
1	1	2	6	2	1	1.466076572
1	1	2	6	2	1	1.439896633
1	1	2	6	2	1	1.413716694
1	1	2	6	2	1	1.413716694
1	1	2	6	2	1	1.335176878
1	1	2	6	2	1	1.323134106
1	1	2	6	2	1	1.299506711
1	1	2	6	2	1	1.228624527
1	1	2	6	2	1	1.228624527
1	1	2	6	2	1	1.145110522
2	0	2	6	3	1	2.077378142
2	0	2	6	3	1	1.49225651
1	1	2	6	3	1	1.805630378
2	0	2	7	1	1	1.413716694
1	1	2	7	1	1	1.904263297
1	1	2	7	1	1	1.900663555
1	1	2	7	1	1	1.868985829
1	1	2	7	1	1	1.837308104
1	1	2	7	1	1	1.837308104
1	1	2	7	1	1	1.837308104
1	1	2	7	1	1	1.837308104
1	1	2	7	1	1	1.789529715
1	1	2	7	1	1	1.73180295
1	1	2	7	1	1	1.702939568
1	1	2	7	1	1	1.674076185
1	1	2	7	1	1	1.61634942
1	1	2	7	1	1	1.518436449
1	1	2	7	1	1	1.518436449
1	1	2	7	1	1	1.518436449
1	1	2	7	1	1	1.518436449
1	1	2	7	1	1	1.518436449
1	1	2	7	1	1	1.49225651
1	1	2	7	1	1	1.466076572
1	1	2	7	1	1	1.466076572
1	1	2	7	1	1	1.466076572
1	1	2	7	1	1	1.439896633
1	1	2	7	1	1	1.439896633
1	1	2	7	1	1	1.439896633
1	1	2	7	1	1	1.439896633
1	1	2	7	1	1	1.439896633
1	1	2	7	1	1	1.361356817
1	1	2	7	1	1	1.346761501
1	1	2	7	1	1	1.323134106
1	1	2	7	1	1	1.323134106
1	1	2	7	1	1	1.299506711
1	1	2	7	1	1	1.299506711
1	1	2	7	1	1	1.228624527
1	1	2	7	1	1	1.145110522
1	1	2	7	1	1	1.145110522
1	1	2	7	1	1	1.102699021
1	1	2	7	1	1	1.102699021
2	0	2	7	2	1	1.466076572
1	1	2	7	2	1	2.111150263
1	1	2	7	2	1	2.077378142
1	1	2	7	2	1	2.042755173
1	1	2	7	2	1	1.932341281
1	1	2	7	2	1	1.80039439
1	1	2	7	2	1	1.73180295
1	1	2	7	2	1	1.702939568
1	1	2	7	2	1	1.702939568
1	1	2	7	2	1	1.702939568
1	1	2	7	2	1	1.674076185
1	1	2	7	2	1	1.570796327
1	1	2	7	2	1	1.558622655
1	1	2	7	2	1	1.529759273
1	1	2	7	2	1	1.466076572
1	1	2	7	2	1	1.413716694
1	1	2	7	2	1	1.413716694
1	1	2	7	2	1	1.413716694
1	1	2	7	2	1	1.413716694
1	1	2	7	2	1	1.39401629
1	1	2	7	2	1	1.387536755
1	1	2	7	2	1	1.361356817
1	1	2	7	2	1	1.361356817
1	1	2	7	2	1	1.361356817
1	1	2	7	2	1	1.308996939
1	1	2	7	2	1	1.299506711
1	1	2	7	2	1	1.252251922
1	1	2	7	2	1	1.252251922
1	1	2	7	2	1	1.208727773
1	1	2	7	3	1	1.868985829
1	1	2	7	3	1	1.868985829
2	0	1	1	1	1	2.617993878
2	0	1	1	1	1	2.488141382
2	0	1	1	1	1	2.224247599
2	0	1	1	1	1	2.181247049
2	0	1	1	1	1	2.181247049
2	0	1	1	1	1	2.112001111
2	0	1	1	1	1	1.973509235
2	0	1	1	1	1	1.938886266
2	0	1	1	1	1	1.587486038
1	1	1	1	1	1	3.005915121
1	1	1	1	1	1	2.412743158
1	1	1	1	1	1	2.375044046
1	1	1	1	1	1	2.181247049
1	1	1	1	1	1	2.181247049
1	1	1	1	1	1	2.112001111
1	1	1	1	1	1	2.042755173
1	1	1	1	1	1	2.008132204
1	1	1	1	1	1	2.008132204
1	1	1	1	1	1	1.938886266
1	1	1	1	1	1	1.932341281
1	1	1	1	1	1	1.900663555
1	1	1	1	1	1	1.900663555
1	1	1	1	1	1	1.837308104
1	1	1	1	1	1	1.837308104
1	1	1	1	1	1	1.837308104
1	1	1	1	1	1	1.818393098
1	1	1	1	1	1	1.805630378
1	1	1	1	1	1	1.73180295
1	1	1	1	1	1	1.702939568
1	1	1	1	1	1	1.702939568
1	1	1	1	1	1	1.645212803
1	1	1	1	1	1	1.61634942
2	0	1	1	2	1	2.299645822
2	0	1	1	2	1	2.181247049
2	0	1	1	2	1	2.112001111
2	0	1	1	2	1	1.964019007
2	0	1	1	2	1	1.932341281
2	0	1	1	2	1	1.805630378
2	0	1	1	2	1	1.645212803
2	0	1	1	2	1	1.587486038
2	0	1	1	2	1	1.518436449
1	1	1	1	2	1	2.112001111
1	1	1	1	2	1	2.077378142
1	1	1	1	2	1	1.932341281
1	1	1	1	2	1	1.900663555
1	1	1	1	2	1	1.900663555
1	1	1	1	2	1	1.805630378
1	1	1	1	2	1	1.805630378
1	1	1	1	2	1	1.805630378
1	1	1	1	2	1	1.742274926
1	1	1	1	2	1	1.73180295
1	1	1	1	2	1	1.702939568
1	1	1	1	2	1	1.702939568
1	1	1	1	2	1	1.702939568
1	1	1	1	2	1	1.702939568
1	1	1	1	2	1	1.674076185
1	1	1	1	2	1	1.645212803
1	1	1	1	2	1	1.570796327
1	1	1	1	2	1	1.544616388
1	1	1	1	2	1	1.466076572
1	1	1	1	2	1	1.145110522
2	0	1	2	1	1	2.112001111
2	0	1	2	1	1	2.077378142
2	0	1	2	1	1	2.073451151
2	0	1	2	1	1	1.995696733
2	0	1	2	1	1	1.900663555
2	0	1	2	1	1	1.805630378
2	0	1	2	1	1	1.805630378
2	0	1	2	1	1	1.742274926
2	0	1	2	1	1	1.73180295
2	0	1	2	1	1	1.73180295
2	0	1	2	1	1	1.702939568
2	0	1	2	1	1	1.674076185
2	0	1	2	1	1	1.674076185
2	0	1	2	1	1	1.645212803
2	0	1	2	1	1	1.61634942
2	0	1	2	1	1	1.61634942
2	0	1	2	1	1	1.61634942
2	0	1	2	1	1	1.587486038
2	0	1	2	1	1	1.587486038
2	0	1	2	1	1	1.558622655
2	0	1	2	1	1	1.387536755
2	0	1	2	1	1	1.387536755
2	0	1	2	1	1	1.346761501
2	0	1	2	1	1	1.335176878
1	1	1	2	1	1	2.375044046
1	1	1	2	1	1	1.837308104
1	1	1	2	1	1	1.73180295
1	1	1	2	1	1	1.645212803
1	1	1	2	1	1	1.558622655
1	1	1	2	1	1	1.558622655
1	1	1	2	1	1	1.529759273
1	1	1	2	1	1	1.439896633
1	1	1	2	1	1	1.299506711
2	0	1	2	2	1	2.077378142
2	0	1	2	2	1	2.077378142
2	0	1	2	2	1	1.995696733
2	0	1	2	2	1	1.964019007
2	0	1	2	2	1	1.964019007
2	0	1	2	2	1	1.904263297
2	0	1	2	2	1	1.837308104
2	0	1	2	2	1	1.645212803
2	0	1	2	2	1	1.645212803
2	0	1	2	2	1	1.570796327
2	0	1	2	2	1	1.570796327
2	0	1	2	2	1	1.558622655
2	0	1	2	2	1	1.544616388
2	0	1	2	2	1	1.518436449
2	0	1	2	2	1	1.439896633
2	0	1	2	2	1	1.229933524
2	0	1	2	2	1	1.060287521
1	1	1	2	2	1	1.570796327
1	1	1	2	2	1	1.466076572
1	1	1	2	2	1	1.272345025
2	0	1	2	3	1	2.375044046
2	0	1	2	3	1	2.181247049
2	0	1	2	3	1	2.112001111
2	0	1	2	3	1	1.995696733
2	0	1	2	3	1	1.649336143
2	0	1	2	3	1	1.49225651
1	1	1	2	3	1	1.84725648
2	0	1	3	1	1	2.299645822
2	0	1	3	1	1	2.224247599
2	0	1	3	1	1	2.112001111
2	0	1	3	1	1	2.008132204
2	0	1	3	1	1	1.805630378
2	0	1	3	1	1	1.805630378
2	0	1	3	1	1	1.73180295
2	0	1	3	1	1	1.61634942
2	0	1	3	1	1	1.61634942
2	0	1	3	1	1	1.439896633
2	0	1	3	1	1	1.413716694
2	0	1	3	1	1	1.413716694
1	1	1	3	1	1	2.112001111
1	1	1	3	1	1	2.008132204
1	1	1	3	1	1	1.900663555
1	1	1	3	1	1	1.837308104
1	1	1	3	1	1	1.742274926
1	1	1	3	1	1	1.73180295
1	1	1	3	1	1	1.587486038
1	1	1	3	1	1	1.587486038
1	1	1	3	1	1	1.518436449
1	1	1	3	1	1	0.775515237
2	0	1	3	2	1	2.186548487
2	0	1	3	2	1	2.042755173
2	0	1	3	2	1	1.900663555
2	0	1	3	2	1	1.868985829
2	0	1	3	2	1	1.587486038
2	0	1	3	2	1	1.558622655
2	0	1	3	2	1	1.544616388
2	0	1	3	2	1	1.518436449
2	0	1	3	2	1	1.518436449
2	0	1	3	2	1	1.443169125
2	0	1	3	2	1	1.439896633
2	0	1	3	2	1	1.439896633
2	0	1	3	2	1	1.439896633
2	0	1	3	2	1	1.413716694
2	0	1	3	2	1	1.413716694
2	0	1	3	2	1	1.387536755
1	1	1	3	2	1	2.224247599
1	1	1	3	2	1	2.112001111
1	1	1	3	2	1	1.938886266
1	1	1	3	2	1	1.900663555
1	1	1	3	2	1	1.837308104
1	1	1	3	2	1	1.742274926
1	1	1	3	2	1	1.73180295
1	1	1	3	2	1	1.61634942
1	1	1	3	2	1	1.544616388
1	1	1	3	2	1	1.49225651
1	1	1	3	2	1	1.466076572
1	1	1	3	2	1	1.439896633
1	1	1	3	2	1	1.413716694
1	1	1	3	2	1	1.39401629
1	1	1	3	2	1	1.275879316
2	0	1	3	3	1	2.077378142
2	0	1	3	3	1	1.837308104
1	1	1	3	3	1	1.868985829
1	1	1	3	3	1	1.805630378
