year	month	tmax	tmin	raindays	rain	meantemp	daydegrees
1853	1	8.4	2.7	4	62.8	5.55	0.55
1853	2	3.2	-1.8	19	29.3	0.7	0
1853	3	7.7	-0.6	20	25.9	3.55	0
1853	4	12.6	4.5	0	60.1	8.55	3.55
1853	5	16.8	6.1	0	59.5	11.45	6.45
1853	6	20.1	10.7	0	82	15.4	10.4
1853	7	21.2	12.2	0	86.2	16.7	11.7
1853	8	20.2	10.8	0	72.3	15.5	10.5
1853	9	17.3	8.4	0	51.3	12.85	7.85
1853	10	13.9	7.4	0	102.3	10.65	5.65
1853	11	8.7	2.3	10	49.6	5.5	0.5
1853	12	3.7	-1.3	19	10.7	1.2	0
1854	1	6.7	1.5	11	54.5	4.1	0
1854	2	8	0.6	12	22.6	4.3	0
1854	3	11.2	2.2	8	10.6	6.7	1.7
1854	4	15	3.5	2	19.9	9.25	4.25
1854	5	16.2	5.7	1	82.1	10.95	5.95
1854	6	18.6	9.7	0	45.2	14.15	9.15
1854	7	21.7	11.6	0	37.2	16.65	11.65
1854	8	20.9	10.7	0	45.4	15.8	10.8
1854	9	20.2	8.4	0	11.4	14.3	9.3
1854	10	13.9	5.6	2	57.7	9.75	4.75
1854	11	8.2	2	5	32.4	5.1	0.1
1854	12	8.3	2.1	8	30.7	5.2	0.2
1855	1	4.4	-0.4	18	6.9	2	0
1855	2	1.7	-4.5	20	33.7	-1.4	0
1855	3	7.7	0.1	15	56	3.9	0
1855	4	13	2.7	9	10.6	7.85	2.85
1855	5	15	4.9	3	45.1	9.95	4.95
1855	6	19.4	9.3	0	60	14.35	9.35
1855	7	22.8	13.4	0	129.3	18.1	13.1
1855	8	21.7	12.2	0	42.6	16.95	11.95
1855	9	19	10.4	0	59.7	14.7	9.7
1855	10	14	8.2	0	143.1	11.1	6.1
1855	11	7.9	3.4	4	25.2	5.65	0.65
1855	12	5.7	-0.1	13	28.1	2.8	0
1856	1	6.8	2	10	74.7	4.4	0
1856	2	8.2	3	8	33.4	5.6	0.6
1856	3	7.9	0.6	11	23.9	4.25	0
1856	4	12.9	4.1	2	64.9	8.5	3.5
1856	5	14	5.7	2	110.1	9.85	4.85
1856	6	20.2	9.5	0	64.8	14.85	9.85
1856	7	22.2	11.3	0	15.8	16.75	11.75
1856	8	22.7	12.5	0	81.8	17.6	12.6
1856	9	16.8	8.5	0	80.3	12.65	7.65
1856	10	13.9	6.9	1	60.3	10.4	5.4
1856	11	8.1	2.3	8	24.2	5.2	0.2
1856	12	7.3	1.4	12	52	4.35	0
1857	1	5.1	-0.6	17	80.7	2.25	0
1857	2	7.6	0.4	11	8.2	4	0
1857	3	9.1	1.8	10	39.2	5.45	0.45
1857	4	11.9	3.7	3	51.3	7.8	2.8
1857	5	16.5	6.3	4	30.3	11.4	6.4
1857	6	22	10.6	0	77	16.3	11.3
1857	7	22	12.7	0	80.5	17.35	12.35
1857	8	22.8	13.2	0	93.5	18	13
1857	9	19	11.2	0	99	15.1	10.1
1857	10	14.6	7.8	0	116.3	11.2	6.2
1857	11	10.2	4.5	2	42.6	7.35	2.35
1857	12	9.6	4.5	3	16.8	7.05	2.05
1858	1	6.4	-0.1	20	17.3	3.15	0
1858	2	4.7	-1.2	18	45	1.75	0
1858	3	9.4	1.1	12	20.4	5.25	0.25
1858	4	13.1	4	2	90.1	8.55	3.55
1858	5	15.9	6.2	0	59.5	11.05	6.05
1858	6	23.6	11.9	0	40.4	17.75	12.75
1858	7	20.8	10.6	0	58.3	15.7	10.7
1858	8	21.4	11.3	0	36.4	16.35	11.35
1858	9	19.5	11.2	0	63.4	15.35	10.35
1858	10	13.4	6.9	0	50.4	10.15	5.15
1858	11	7.4	0.8	12	17.9	4.1	0
1858	12	7.2	2.4	2	54.5	4.8	0
1859	1	7.5	1.8	9	20.8	4.65	0
1859	2	9.4	2.7	5	43.1	6.05	1.05
1859	3	11.2	4.7	4	38.2	7.95	2.95
1859	4	12.3	3.5	8	63.9	7.9	2.9
1859	5	16.6	6.7	0	47.3	11.65	6.65
1859	6	20.7	11.1	0	57.4	15.9	10.9
1859	7	25.1	13.7	0	71.2	19.4	14.4
1859	8	21.8	12.5	0	97.2	17.15	12.15
1859	9	17.4	9.4	0	89.8	13.4	8.4
1859	10	13.7	6.6	6	76.3	10.15	5.15
1859	11	8.5	1.5	8	52.8	5	0
1859	12	5	-1.1	14	46.6	1.95	0
1860	1	6.8	0.8	12	82.8	3.8	0
1860	2	5.2	-1.6	20	32.6	1.8	0
1860	3	8.4	1.9	8	48.4	5.15	0.15
1860	4	10.6	1.7	5	14.8	6.15	1.15
1860	5	17	7.7	0	70.9	12.35	7.35
1860	6	17	9.5	0	129.8	13.25	8.25
1860	7	19.3	10.3	0	60.8	14.8	9.8
1860	8	17.9	10.9	0	96.7	14.4	9.4
1860	9	15.6	7	0	64	11.3	6.3
1860	10	13.4	7.3	1	39.9	10.35	5.35
1860	11	7.4	2.1	2	82.1	4.75	0
1860	12	4.4	2.1	2	66.6	4.75	0
1861	1	3.8	-0.7	16	16.8	1.55	0
1861	2	7.9	3.1	4	48	5.5	0.5
1861	3	10.1	3.4	1	43.1	6.75	1.75
1861	4	11.8	3	5	17.7	7.4	2.4
1861	5	16.1	6.5	1	34.9	11.3	6.3
1861	6	20	11.2	0	79.9	15.6	10.6
1861	7	19.7	12	0	130.8	15.85	10.85
1861	8	21.6	12.7	0	15.1	17.15	12.15
1861	9	17.9	9.9	0	49.6	13.9	8.9
1861	10	16.2	9.5	0	40.8	12.85	7.85
1861	11	8.4	1.6	10	78.4	5	0
1861	12	7	1.5	12	41.9	4.25	0
1862	1	6.6	2.2	8	62.2	4.4	0
1862	2	7.3	3.4	4	7.3	5.35	0.35
1862	3	9.4	3.9	4	138.9	6.65	1.65
1862	4	12.9	6.2	4	57.6	9.55	4.55
1862	5	17.6	9.2	0	95.5	13.4	8.4
1862	6	18.1	9.6	0	56.8	13.85	8.85
1862	7	19.9	10.6	0	44.8	15.25	10.25
1862	8	20	10.5	0	44.7	15.25	10.25
1862	9	18.2	9.9	0	55.1	14.05	9.05
1862	10	14.5	7.6	1	73.1	11.05	6.05
1862	11	6.7	0.4	14	25.3	3.55	0
1862	12	9.2	3.8	0	36	6.5	1.5
1863	1	7.7	2.5	2	82.1	5.1	0.1
1863	2	9.1	2.7	7	17.1	5.9	0.9
1863	3	10.8	1.9	9	17.3	6.35	1.35
1863	4	14.2	4.7	2	35.5	9.45	4.45
1863	5	16.4	6	0	23.2	11.2	6.2
1863	6	19.3	9.6	0	86.6	14.45	9.45
1863	7	21.8	9.5	0	17	15.65	10.65
1863	8	21.2	11.9	0	67.1	16.55	11.55
1863	9	15.8	7.6	0	70.3	11.7	6.7
1863	10	14.1	7	2	75.5	10.55	5.55
1863	11	10.3	4.6	6	51.1	7.45	2.45
1863	12	9.1	3.3	6	27.7	6.2	1.2
1864	1	4.8	-0.2	13	25	2.3	0
1864	2	5.5	0	16	36.9	2.75	0
1864	3	9.6	1.4	8	62.7	5.5	0.5
1864	4	14.2	4.3	0	41.4	9.25	4.25
1864	5	18.2	7.9	0	54.8	13.05	8.05
1864	6	19.8	9.8	0	25.6	14.8	9.8
1864	7	22.8	10.3	0	12	16.55	11.55
1864	8	21	8.8	0	19.8	14.9	9.9
1864	9	18.3	9.4	0	74.9	13.85	8.85
1864	10	13.6	6.8	0	39.8	10.2	5.2
1864	11	8.9	2	8	59.4	5.45	0.45
1864	12	5.6	1.3	13	9.5	3.45	0
1865	1	4.7	-0.9	14	78.1	1.9	0
1865	2	5	0.2	13	52.9	2.6	0
1865	3	6	-0.2	13	24.9	2.9	0
1865	4	17.2	5.4	3	23.3	11.3	6.3
1865	5	18.4	8.1	0	55.8	13.25	8.25
1865	6	21.9	10.8	0	89.1	16.35	11.35
1865	7	22.3	12.5	0	71.1	17.4	12.4
1865	8	20	10.8	0	79	15.4	10.4
1865	9	22.3	10.9	0	4.7	16.6	11.6
1865	10	14.6	6.1	0	137.7	10.35	5.35
1865	11	10.3	4	6	65.7	7.15	2.15
1865	12	8.4	3.4	4	49.8	5.9	0.9
1866	1	8.6	3.4	5	73.1	6	1
1866	2	7.9	1.3	11	73.2	4.6	0
1866	3	8.4	1.8	9	42.7	5.1	0.1
1866	4	13.6	4.7	3	52.2	9.15	4.15
1866	5	15.7	4.8	2	42.6	10.25	5.25
1866	6	21.9	11.1	0	81.7	16.5	11.5
1866	7	21.7	11.2	0	50.4	16.45	11.45
1866	8	19.8	11.3	0	75.1	15.55	10.55
1866	9	17	10.3	0	145.4	13.65	8.65
1866	10	14.2	8	0	53.4	11.1	6.1
1866	11	10.7	3.7	7	38.8	7.2	2.2
1866	12	9.2	3.3	7	51.6	6.25	1.25
1867	1	4.6	-1.1	18	65.8	1.75	0
1867	2	10.1	4.4	1	39.3	7.25	2.25
1867	3	6	0.5	16	73.4	3.25	0
1867	4	14	6.6	0	66.1	10.3	5.3
1867	5	16.8	6.8	3	63.9	11.8	6.8
1867	6	20	9.6	0	49.1	14.8	9.8
1867	7	20.3	10.5	0	99.7	15.4	10.4
1867	8	21.5	11.8	0	60.8	16.65	11.65
1867	9	18.4	9.6	0	41.6	14	9
1867	10	13.5	6.3	1	72.5	9.9	4.9
1867	11	8.4	1.6	10	24.4	5	0
1867	12	6.2	0.1	18	35.7	3.15	0
1868	1	5.9	1.7	11	87.2	3.8	0
1868	2	9.8	3.3	5	42.3	6.55	1.55
1868	3	11.1	2.9	6	38.7	7	2
1868	4	14.1	4.6	5	39.7	9.35	4.35
1868	5	20.4	7.8	0	14.9	14.1	9.1
1868	6	23.6	9.4	0	23.6	16.5	11.5
1868	7	25.8	12.7	0	47.5	19.25	14.25
1868	8	22.1	12.5	0	85.8	17.3	12.3
1868	9	19.7	9.4	0	101.3	14.55	9.55
1868	10	12.7	5	3	57	8.85	3.85
1868	11	7.9	2.6	7	30.7	5.25	0.25
1868	12	10.4	5.2	2	105.3	7.8	2.8
1869	1	8.2	3	5	96.3	5.6	0.6
1869	2	10.5	5.1	1	55.2	7.8	2.8
1869	3	7.1	1.1	10	33.1	4.1	0
1869	4	16	6	0	29.8	11	6
1869	5	15.5	6.5	0	75.9	11	6
1869	6	18.9	8.8	0	36.2	13.85	8.85
1869	7	24.1	12.4	0	27	18.25	13.25
1869	8	21.5	10.7	0	33.6	16.1	11.1
1869	9	19	11.3	0	112.1	15.15	10.15
1869	10	13.9	6.1	4	28.1	10	5
1869	11	10	3.2	8	61.3	6.6	1.6
1869	12	5.6	1	9	87.5	3.3	0
1870	1	5.9	1.3	10	30.2	3.6	0
1870	2	5.1	0.8	13	48.7	2.95	0
1870	3	8.3	1.5	13	42.6	4.9	0
1870	4	15.6	3.7	4	13.5	9.65	4.65
1870	5	18	6.3	2	26.3	12.15	7.15
1870	6	22.3	11.2	0	17.3	16.75	11.75
1870	7	24.9	13	0	22.6	18.95	13.95
1870	8	21.4	10.6	0	59.8	16	11
1870	9	18.3	8.2	0	33.8	13.25	8.25
1870	10	14.1	6.7	0	74.6	10.4	5.4
1870	11	8.3	2.1	10	29.6	5.2	0.2
1870	12	3.2	-2.3	19	50.9	0.45	0
1871	1	2.7	-1.2	20	28.2	0.75	0
1871	2	9	3.8	4	25.1	6.4	1.4
1871	3	11.9	3.2	4	24.3	7.55	2.55
1871	4	13.8	5.3	4	67.1	9.55	4.55
1871	5	17	5.8	0	11	11.4	6.4
1871	6	17.5	9	0	81.3	13.25	8.25
1871	7	21.1	11.9	0	96.3	16.5	11.5
1871	8	23.8	12	0	13	17.9	12.9
1871	9	17.9	9.6	0	118.8	13.75	8.75
1871	10	14.1	6	2	30.4	10.05	5.05
1871	11	6.4	0.2	14	18.4	3.3	0
1871	12	6	0.9	12	27.4	3.45	0
1872	1	7.9	2.6	5	103.7	5.25	0.25
1872	2	10.1	4.7	0	38.6	7.4	2.4
1872	3	11.2	3.6	8	49.1	7.4	2.4
1872	4	13.9	4.5	2	48	9.2	4.2
1872	5	15.2	5.9	1	65.2	10.55	5.55
1872	6	20.4	10.2	0	74.1	15.3	10.3
1872	7	23.7	12.9	0	75.9	18.3	13.3
1872	8	21	11.3	0	30.1	16.15	11.15
1872	9	18.3	10	0	25.5	14.15	9.15
1872	10	12.6	5.2	1	74.4	8.9	3.9
1872	11	10.1	4.6	1	80.8	7.35	2.35
1872	12	7.9	3.5	6	96.9	5.7	0.7
1873	1	7.8	3.2	9	56.3	5.5	0.5
1873	2	4.2	-0.1	13	40.9	2.05	0
1873	3	9.7	2.2	3	60.1	5.95	0.95
1873	4	12.8	3.9	3	12.2	8.35	3.35
1873	5	16.1	5.4	1	59.3	10.75	5.75
1873	6	20	10.3	0	70.7	15.15	10.15
1873	7	22.6	11.8	0	57.3	17.2	12.2
1873	8	21.6	12.6	0	66.8	17.1	12.1
1873	9	16.9	7.8	0	45.9	12.35	7.35
1873	10	12.9	4.7	6	68.6	8.8	3.8
1873	11	9.6	3.8	4	43.7	6.7	1.7
1873	12	7.3	2.1	10	12.3	4.7	0
1874	1	8.6	3	6	58.8	5.8	0.8
1874	2	7.1	1	12	43.2	4.05	0
1874	3	11	3.1	8	15.8	7.05	2.05
1874	4	15.7	5.4	1	32.5	10.55	5.55
1874	5	15.7	6	1	39.7	10.85	5.85
1874	6	20.4	9	0	17.6	14.7	9.7
1874	7	25.3	11.8	0	12.8	18.55	13.55
1874	8	21.2	11.2	0	45.9	16.2	11.2
1874	9	18.6	10.4	0	85.7	14.5	9.5
1874	10	14.7	7.8	0	80	11.25	6.25
1874	11	8.7	2.5	9	64.6	5.6	0.6
1874	12	3.5	-2.3	22	46.8	0.6	0
1875	1	9.3	4.9	2	90.4	7.1	2.1
1875	2	4.5	-0.4	20	37.3	2.05	0
1875	3	8.6	2.4	9	28.5	5.5	0.5
1875	4	13.4	3.5	3	37.6	8.45	3.45
1875	5	18.3	7.8	0	45.1	13.05	8.05
1875	6	20.6	10.5	0	75.8	15.55	10.55
1875	7	19.9	11.1	0	119.2	15.5	10.5
1875	8	21.9	12.8	0	45.9	17.35	12.35
1875	9	20.1	11.4	0	51.9	15.75	10.75
1875	10	12.6	6.4	0	192.9	9.5	4.5
1875	11	8.4	3.6	5	97.2	6	1
1875	12	6.2	2.4	9	22.5	4.3	0
1876	1	5.5	0.6	14	43.9	3.05	0
1876	2	8.1	3	5	72.8	5.55	0.55
1876	3	8.6	1.9	8	87.4	5.25	0.25
1876	4	13	4.8	2	73.3	8.9	3.9
1876	5	15.4	4.7	1	20.4	10.05	5.05
1876	6	20.8	10	0	52.8	15.4	10.4
1876	7	24.5	13.1	0	21.8	18.8	13.8
1876	8	23.8	11.9	0	68.3	17.85	12.85
1876	9	17.4	9.8	0	148.6	13.6	8.6
1876	10	14.8	8.8	0	25.9	11.8	6.8
1876	11	9.7	4.1	5	83.2	6.9	1.9
1876	12	8.8	4.9	4	130.2	6.85	1.85
1877	1	9.3	3.2	3	118.5	6.25	1.25
1877	2	9.4	4	3	39.9	6.7	1.7
1877	3	9	2.2	9	50.5	5.6	0.6
1877	4	12.1	4.3	0	55	8.2	3.2
1877	5	14.5	5.5	4	58.4	10	5
1877	6	22.2	10.5	0	25.5	16.35	11.35
1877	7	21.1	11.1	0	85.4	16.1	11.1
1877	8	20.5	11.9	0	87.3	16.2	11.2
1877	9	15.9	7.6	0	63.5	11.75	6.75
1877	10	13.7	5.2	2	43.1	9.45	4.45
1877	11	10.8	4.3	0	98.2	7.55	2.55
1877	12	7.8	2.3	7	44.6	5.05	0.05
1878	1	7.5	2.6	8	44.3	5.05	0.05
1878	2	8.8	4.2	4	34.2	6.5	1.5
1878	3	9.5	2.2	9	19.5	5.85	0.85
1878	4	14.1	5.5	3	58.4	9.8	4.8
1878	5	17.7	8.4	0	126.7	13.05	8.05
1878	6	21.1	11.1	0	49	16.1	11.1
1878	7	22.2	12.6	0	29.1	17.4	12.4
1878	8	21.7	13.1	0	130.7	17.4	12.4
1878	9	18.1	9.4	0	34.4	13.75	8.75
1878	10	14.1	7.4	0	54.1	10.75	5.75
1878	11	6.6	2.6	5	58.1	4.6	0
1878	12	3.1	-2	20	38.6	0.55	0
1879	1	1.6	-2.8	27	76.5	-0.6	0
1879	2	6	1.1	9	84.6	3.55	0
1879	3	8.6	1.1	10	22.3	4.85	0
1879	4	9.5	2.4	7	62.1	5.95	0.95
1879	5	12.9	5.2	3	57.6	9.05	4.05
1879	6	17	10.2	0	110.7	13.6	8.6
1879	7	17.5	11.4	0	86.8	14.45	9.45
1879	8	18.7	11.8	0	128.7	15.25	10.25
1879	9	16.6	9.5	0	73.6	13.05	8.05
1879	10	12.2	6	0	18.6	9.1	4.1
1879	11	6.7	0.9	13	17.4	3.8	0
1879	12	3.7	-3.2	24	18.7	0.25	0
1880	1	3	-2.5	22	11.1	0.25	0
1880	2	9	2.4	5	60.9	5.7	0.7
1880	3	11.7	2.5	7	35.3	7.1	2.1
1880	4	12.2	4.7	1	48.7	8.45	3.45
1880	5	15.9	6.4	0	21.1	11.15	6.15
1880	6	17.9	10	0	87.6	13.95	8.95
1880	7	19.7	12.2	0	155.1	15.95	10.95
1880	8	20.5	13.2	0	12.7	16.85	11.85
1880	9	19.8	11.5	0	88.6	15.65	10.65
1880	10	12.2	4.9	3	133.5	8.55	3.55
1880	11	9.8	3.1	9	47.8	6.45	1.45
1880	12	9.3	3.6	5	75.7	6.45	1.45
1881	1	1.8	-4	20	31.9	-1.1	0
1881	2	6.3	1.5	10	70.2	3.9	0
1881	3	10.3	2.1	11	37.7	6.2	1.2
1881	4	12.9	3.1	7	19.9	8	3
1881	5	17.7	6.9	1	31.9	12.3	7.3
1881	6	19.2	10.3	0	48	14.75	9.75
1881	7	22.7	12.5	0	63.7	17.6	12.6
1881	8	19.2	10.8	0	118.2	15	10
1881	9	17.6	9.5	0	35.5	13.55	8.55
1881	10	11.9	4.2	5	42.8	8.05	3.05
1881	11	12.5	6.9	0	82	9.7	4.7
1881	12	7.1	2.1	7	75.5	4.6	0
1882	1	7.7	2.8	6	28.4	5.25	0.25
1882	2	9.2	3.5	3	38.8	6.35	1.35
1882	3	12.6	4	3	28.2	8.3	3.3
1882	4	13.7	5.1	1	99.7	9.4	4.4
1882	5	17.4	7.3	0	47	12.35	7.35
1882	6	17.5	9.7	0	83.8	13.6	8.6
1882	7	20	11.9	0	82.2	15.95	10.95
1882	8	19.9	11.5	0	33.8	15.7	10.7
1882	9	17.3	8.3	0	51.4	12.8	7.8
1882	10	13.6	7.2	1	147.9	10.4	5.4
1882	11	9.6	3.5	3	84.8	6.55	1.55
1882	12	7.2	2.5	9	80.3	4.85	0
1883	1	8.2	3.3	3	57.8	5.75	0.75
1883	2	9.9	4	0	95.1	6.95	1.95
1883	3	7.2	-1.2	22	24	3	0
1883	4	14	4.5	3	25.7	9.25	4.25
1883	5	16.2	7.1	1	47.9	11.65	6.65
1883	6	19.6	10.1	0	91.7	14.85	9.85
1883	7	18.8	11.2	0	87.9	15	10
1883	8	21	11.8	0	18.7	16.4	11.4
1883	9	17.5	10.4	0	98.4	13.95	8.95
1883	10	13.8	7.4	0	48.2	10.6	5.6
1883	11	10.3	3.3	4	79.4	6.8	1.8
1883	12	7.3	2.7	5	11.4	5	0
1884	1	9.5	5.1	0	55.7	7.3	2.3
1884	2	8.9	3.1	4	32.2	6	1
1884	3	10.9	3	4	39.3	6.95	1.95
1884	4	11.7	3.1	6	40.2	7.4	2.4
1884	5	17.6	6.6	0	19.4	12.1	7.1
1884	6	19.5	9.9	0	54.6	14.7	9.7
1884	7	21.5	12.4	0	57.5	16.95	11.95
1884	8	23.9	12	0	38.7	17.95	12.95
1884	9	19.7	10.9	0	31.2	15.3	10.3
1884	10	13.7	6.1	0	19.4	9.9	4.9
1884	11	8.8	2.6	10	41.4	5.7	0.7
1884	12	7.3	2.9	4	51.3	5.1	0.1
1885	1	5	0.9	14	49.4	2.95	0
1885	2	9.8	3.8	4	73.3	6.8	1.8
1885	3	9.4	1.2	10	29.8	5.3	0.3
1885	4	13	3.6	4	45	8.3	3.3
1885	5	13.7	5.3	0	53.5	9.5	4.5
1885	6	19.8	9.8	0	39.9	14.8	9.8
1885	7	22.7	11.9	0	3.1	17.3	12.3
1885	8	18.9	9.9	0	41.7	14.4	9.4
1885	9	17.1	8.6	0	111.9	12.85	7.85
1885	10	11.2	4.8	0	98.4	8	3
1885	11	8.4	4	5	91	6.2	1.2
1885	12	6.4	1.3	11	24.8	3.85	0
1886	1	4.6	-0.5	15	97.6	2.05	0
1886	2	3.3	-1.1	20	19.9	1.1	0
1886	3	7.8	1.5	17	41.8	4.65	0
1886	4	12.9	3.8	4	59	8.35	3.35
1886	5	15.7	7	0	122.3	11.35	6.35
1886	6	18.6	9.5	0	33.6	14.05	9.05
1886	7	21.8	12	0	93.5	16.9	11.9
1886	8	21.2	12	0	39.7	16.6	11.6
1886	9	19	10.3	0	49.7	14.65	9.65
1886	10	15.1	8.7	0	88.1	11.9	6.9
1886	11	9.5	3.8	5	64.3	6.65	1.65
1886	12	5.5	-0.3	13	120.8	2.6	0
1887	1	4.7	-0.5	15	65.3	2.1	0
1887	2	7.5	0.5	17	15.2	4	0
1887	3	7.3	-0.1	13	45.7	3.6	0
1887	4	11.6	1.9	5	29.1	6.75	1.75
1887	5	14.4	6.1	0	49.9	10.25	5.25
1887	6	21.6	10.2	0	32.8	15.9	10.9
1887	7	24	12.4	0	18	18.2	13.2
1887	8	22.2	10.5	0	40.5	16.35	11.35
1887	9	16.3	8.1	0	61.2	12.2	7.2
1887	10	11.5	3.5	6	53.7	7.5	2.5
1887	11	7.8	2.2	8	46	5	0
1887	12	5.7	0.3	17	35.3	3	0
1888	1	5.6	0.7	17	19.8	3.15	0
1888	2	4.1	-0.7	20	71.7	1.7	0
1888	3	6.9	0.9	15	77.6	3.9	0
1888	4	10.4	3	8	39.5	6.7	1.7
1888	5	16.3	6.3	0	39.4	11.3	6.3
1888	6	18.3	9.6	0	77	13.95	8.95
1888	7	18	10.9	0	119.6	14.45	9.45
1888	8	19	10.5	0	47.6	14.75	9.75
1888	9	17.6	8.8	0	33	13.2	8.2
1888	10	13	3.7	9	19.5	8.35	3.35
1888	11	10.5	6	0	114.8	8.25	3.25
1888	12	7.6	2.5	11	56.8	5.05	0.05
1889	1	5.1	-0.1	14	16.1	2.5	0
1889	2	5.8	-0.4	17	47.7	2.7	0
1889	3	9	1.4	12	50.4	5.2	0.2
1889	4	10.9	3.8	1	79	7.35	2.35
1889	5	17.3	8.9	0	87.4	13.1	8.1
1889	6	20.6	10.9	0	50.5	15.75	10.75
1889	7	20	11.3	0	72.4	15.65	10.65
1889	8	19.6	10.8	0	60.7	15.2	10.2
1889	9	17.5	9.1	0	45.2	13.3	8.3
1889	10	12.8	5.4	1	62.5	9.1	4.1
1889	11	9.5	4.3	4	26.5	6.9	1.9
1889	12	5.6	0.1	16	30.1	2.85	0
1890	1	8.7	3.3	3	51	6	1
1890	2	6.3	0.3	12	18.7	3.3	0
1890	3	10.1	2.6	5	21.9	6.35	1.35
1890	4	11.9	3	6	25.8	7.45	2.45
1890	5	17	6.6	0	45.2	11.8	6.8
1890	6	19	9.7	0	44.6	14.35	9.35
1890	7	19.3	11.2	0	77.2	15.25	10.25
1890	8	19.4	10.8	0	62.7	15.1	10.1
1890	9	20.2	9.9	0	26.3	15.05	10.05
1890	10	14	5.7	1	33.6	9.85	4.85
1890	11	9.2	3	7	47.1	6.1	1.1
1890	12	0.2	-4	25	13.3	-1.9	0
1891	1	4.3	-1.9	20	39.4	1.2	0
1891	2	8.9	-0.2	13	2.5	4.35	0
1891	3	7.9	0.9	13	35.4	4.4	0
1891	4	11.2	2.2	5	24	6.7	1.7
1891	5	14.1	5.6	2	65.8	9.85	4.85
1891	6	19.9	10.4	0	36.3	15.15	10.15
1891	7	19.3	10.7	0	62.3	15	10
1891	8	18	10.9	0	119.7	14.45	9.45
1891	9	18.6	9.8	0	36.8	14.2	9.2
1891	10	13.2	6.6	1	150.1	9.9	4.9
1891	11	8.4	3.2	3	62.6	5.8	0.8
1891	12	7.3	1.6	9	86.1	4.45	0
1892	1	4.8	-0.3	18	12	2.25	0
1892	2	6.4	0.9	9	18.6	3.65	0
1892	3	6.9	-0.9	23	9.5	3	0
1892	4	14.3	1.7	10	19.5	8	3
1892	5	17.1	6.9	3	32.8	12	7
1892	6	19.2	8.7	0	52.7	13.95	8.95
1892	7	18.9	10.3	0	84.4	14.6	9.6
1892	8	20.4	11.5	0	78.7	15.95	10.95
1892	9	16.9	8.9	0	59.1	12.9	7.9
1892	10	11.1	4	4	85.6	7.55	2.55
1892	11	9.4	3.8	6	49.2	6.6	1.6
1892	12	4.7	-0.6	17	25.3	2.05	0
1893	1	4.4	-0.3	15	43.1	2.05	0
1893	2	8	2.5	5	69.4	5.25	0.25
1893	3	13.7	1.7	12	9.4	7.7	2.7
1893	4	18	3.9	2	1.5	10.95	5.95
1893	5	19.4	7.7	0	23.1	13.55	8.55
1893	6	21.8	10.2	0	19.6	16	11
1893	7	21.6	12.5	0	98.9	17.05	12.05
1893	8	23.2	13	0	27.7	18.1	13.1
1893	9	18.6	8.9	0	16	13.75	8.75
1893	10	14.3	6.6	1	73.5	10.45	5.45
1893	11	8.2	1.7	12	42.5	4.95	0
1893	12	7.8	1.3	5	47.7	4.55	0
1894	1	6.1	1.2	9	49.6	3.65	0
1894	2	8.6	2.2	7	41.3	5.4	0.4
1894	3	11.8	2.2	5	45	7	2
1894	4	15	5.1	0	46.9	10.05	5.05
1894	5	14.1	5.3	1	39.3	9.7	4.7
1894	6	18.2	9.9	0	74	14.05	9.05
1894	7	20.6	12	0	84.8	16.3	11.3
1894	8	18.6	11	0	69.7	14.8	9.8
1894	9	16	8.3	0	47.1	12.15	7.15
1894	10	12.5	6.9	1	89.4	9.7	4.7
1894	11	10.6	5.4	0	126.1	8	3
1894	12	7.5	2.8	9	52.6	5.15	0.15
1895	1	3.1	-1.8	20	66.3	0.65	0
1895	2	1.8	-5.3	24	4.4	-1.75	0
1895	3	10	2	9	39.2	6	1
1895	4	13.1	5	1	46.4	9.05	4.05
1895	5	19	7.3	0	4.6	13.15	8.15
1895	6	21.4	9.8	0	28.6	15.6	10.6
1895	7	20.4	12.2	0	91.5	16.3	11.3
1895	8	20.5	12.1	0	62.5	16.3	11.3
1895	9	22.4	9.9	0	16.4	16.15	11.15
1895	10	11.6	3.9	8	76.6	7.75	2.75
1895	11	11.1	5.4	1	113.5	8.25	3.25
1895	12	6.8	1.9	6	56.5	4.35	0
1896	1	7.2	2.4	5	16.8	4.8	0
1896	2	8	1.4	9	10.1	4.7	0
1896	3	11.4	4.3	3	69	7.85	2.85
1896	4	14	5.4	0	17.5	9.7	4.7
1896	5	18.2	6.6	1	6.1	12.4	7.4
1896	6	21.9	12	0	65	16.95	11.95
1896	7	22.8	12.1	0	37.4	17.45	12.45
1896	8	19.6	10.6	0	79.8	15.1	10.1
1896	9	17	10.7	0	152.6	13.85	8.85
1896	10	11.5	4.5	3	81.1	8	3
1896	11	7.8	1.6	8	21.8	4.7	0
1896	12	6.7	1.7	11	77.3	4.2	0
1897	1	3.9	-0.2	15	44.7	1.85	0
1897	2	8.8	4.1	2	60	6.45	1.45
1897	3	10.6	4.1	3	73.6	7.35	2.35
1897	4	11.6	4.1	2	53.5	7.85	2.85
1897	5	15.7	5.7	1	17.9	10.7	5.7
1897	6	20.6	11.2	0	74.1	15.9	10.9
1897	7	22.4	12.3	0	67.1	17.35	12.35
1897	8	20.9	12.1	0	108.9	16.5	11.5
1897	9	16.7	8.9	0	59.7	12.8	7.8
1897	10	14.2	6.3	0	36	10.25	5.25
1897	11	10.2	4.3	2	29.8	7.25	2.25
1897	12	7.6	1.9	10	65.5	4.75	0
1898	1	8.6	4.2	5	12.8	6.4	1.4
1898	2	8.5	2	7	32.9	5.25	0.25
1898	3	8.5	0.6	15	17.6	4.55	0
1898	4	13.6	3.7	4	36	8.65	3.65
1898	5	14.8	6.8	0	61.7	10.8	5.8
1898	6	18.8	9.5	0	34.8	14.15	9.15
1898	7	21.3	11.1	0	15.2	16.2	11.2
1898	8	22.4	12.5	0	43.8	17.45	12.45
1898	9	22.2	10	0	10.5	16.1	11.1
1898	10	14.6	8.4	0	125.6	11.5	6.5
1898	11	10.4	4.7	3	50.9	7.55	2.55
1898	12	10.1	5.1	4	65.2	7.6	2.6
1899	1	8.5	2.9	5	75.3	5.7	0.7
1899	2	9.5	2.1	10	51.2	5.8	0.8
1899	3	10.6	0.4	16	7.4	5.5	0.5
1899	4	12.2	5.1	2	48.8	8.65	3.65
1899	5	15.4	6.2	0	38	10.8	5.8
1899	6	22	10.3	0	20.3	16.15	11.15
1899	7	23.8	13.3	0	42.9	18.55	13.55
1899	8	24.9	12.3	0	47.6	18.6	13.6
1899	9	18.6	10.3	0	58.2	14.45	9.45
1899	10	14.1	4.7	2	70.1	9.4	4.4
1899	11	11.3	5.4	3	66.6	8.35	3.35
1899	12	5	-0.2	14	33.2	2.4	0
1900	1	7.2	2.1	5	58.5	4.65	0
1900	2	6	0.7	14	107	3.35	0
1900	3	7.2	0.9	8	12.9	4.05	0
1900	4	13.8	3.8	3	22.8	8.8	3.8
1900	5	15.2	6.3	0	34	10.75	5.75
1900	6	19.5	10.6	0	69.4	15.05	10.05
1900	7	24.3	13.4	0	22.4	18.85	13.85
1900	8	20.4	11.5	0	79.8	15.95	10.95
1900	9	19.6	9.2	0	10.4	14.4	9.4
1900	10	14.2	6.7	0	59.1	10.45	5.45
1900	11	10.3	5.4	2	42.2	7.85	2.85
1900	12	10.2	5	2	81.9	7.6	2.6
1901	1	6	1	15	26.9	3.5	0
1901	2	4.9	0.1	13	32.8	2.5	0
1901	3	7.6	1.2	8	36.1	4.4	0
1901	4	14	4.3	1	53.2	9.15	4.15
1901	5	17.4	6.2	1	31.8	11.8	6.8
1901	6	19.8	9.4	0	38.6	14.6	9.6
1901	7	23.8	13.2	0	118.1	18.5	13.5
1901	8	21.4	11.5	0	54.3	16.45	11.45
1901	9	18.5	10	0	47	14.25	9.25
1901	10	14.1	6.2	3	30.5	10.15	5.15
1901	11	8.1	1.7	11	13.4	4.9	0
1901	12	6.4	0.9	12	83.5	3.65	0
1902	1	7.8	2.6	10	17.1	5.2	0.2
1902	2	4.7	-0.5	18	26.9	2.1	0
1902	3	11	3.8	4	30.8	7.4	2.4
1902	4	12.7	3.5	4	30.6	8.1	3.1
1902	5	13.8	5.4	1	38.6	9.6	4.6
1902	6	18.5	9.8	0	50.1	14.15	9.15
1902	7	20.5	11	0	15.7	15.75	10.75
1902	8	19.6	11.1	0	56	15.35	10.35
1902	9	18	8.5	0	27.9	13.25	8.25
1902	10	13	6.8	0	39	9.9	4.9
1902	11	9.6	4.5	4	56.8	7.05	2.05
1902	12	7	2.5	7	33.9	4.75	0
1903	1	6.9	2.4	8	65.4	4.65	0
1903	2	10.5	4.5	1	19.8	7.5	2.5
1903	3	11.1	4.3	0	77.1	7.7	2.7
1903	4	11	2.6	9	58.5	6.8	1.8
1903	5	16.2	7.2	0	111	11.7	6.7
1903	6	17.5	8.9	0	141.8	13.2	8.2
1903	7	20.7	11.9	0	88.2	16.3	11.3
1903	8	18.8	10.9	0	84.7	14.85	9.85
1903	9	17.8	9.7	0	39.3	13.75	8.75
1903	10	14	8.5	0	163.3	11.25	6.25
1903	11	9.6	3.9	4	38.2	6.75	1.75
1903	12	5.7	1.6	10	26.5	3.65	0
1904	1	6.8	1.4	10	79.1	4.1	0
1904	2	6.4	1.5	8	76	3.95	0
1904	3	8.3	1.6	7	26.4	4.95	0
1904	4	13.8	5.4	0	20.4	9.6	4.6
1904	5	15.6	7.4	0	81.7	11.5	6.5
1904	6	18.8	9.2	0	26.5	14	9
1904	7	23.2	13	0	85.1	18.1	13.1
1904	8	20.6	11	0	38.7	15.8	10.8
1904	9	17.3	7.9	0	31.6	12.6	7.6
1904	10	13.5	6.3	1	21.8	9.9	4.9
1904	11	8.5	2	11	39.5	5.25	0.25
1904	12	6.4	1.6	11	46.9	4	0
1905	1	6.3	0.4	15	19.9	3.35	0
1905	2	8.4	3.2	2	10.2	5.8	0.8
1905	3	11.1	3.9	2	75.7	7.5	2.5
1905	4	11.5	4.5	1	49	8	3
1905	5	16.7	6.1	1	19.5	11.4	6.4
1905	6	19.5	10.9	0	105.1	15.2	10.2
1905	7	23.3	13.4	0	4	18.35	13.35
1905	8	19.7	11.4	0	80.4	15.55	10.55
1905	9	16.8	9.4	0	32.5	13.1	8.1
1905	10	11.4	3.8	6	35.4	7.6	2.6
1905	11	8.3	2.2	7	75.5	5.25	0.25
1905	12	7	2.2	7	25.1	4.6	0
1906	1	8.4	3.1	3	89.3	5.75	0.75
1906	2	6.6	0.7	10	40.4	3.65	0
1906	3	9.3	2.1	9	32.2	5.7	0.7
1906	4	13.8	2.1	9	9	7.95	2.95
1906	5	15.5	7.2	0	45	11.35	6.35
1906	6	20.2	9.3	0	86.9	14.75	9.75
1906	7	22.2	11.6	0	26.7	16.9	11.9
1906	8	23.4	12.6	0	25.4	18	13
1906	9	20.4	9.4	0	25	14.9	9.9
1906	10	14.9	8.3	0	104.8	11.6	6.6
1906	11	10.5	4.7	3	82.4	7.6	2.6
1906	12	6.2	0.6	13	48.3	3.4	0
1907	1	6.3	1.1	10	15.5	3.7	0
1907	2	6.3	0.3	13	28.6	3.3	0
1907	3	12.1	1.8	8	21.3	6.95	1.95
1907	4	12.6	4.1	1	57.4	8.35	3.35
1907	5	15.9	7.3	0	59.6	11.6	6.6
1907	6	16.8	9.5	0	75.1	13.15	8.15
1907	7	19.2	10.4	0	86	14.8	9.8
1907	8	19.3	11	0	34.9	15.15	10.15
1907	9	19.7	9	0	18.1	14.35	9.35
1907	10	13.7	7	0	135.9	10.35	5.35
1907	11	10.2	4.2	2	57.5	7.2	2.2
1907	12	7.8	3	3	97.7	5.4	0.4
1908	1	5.5	-0.4	18	42.4	2.55	0
1908	2	8.6	2.7	4	22.2	5.65	0.65
1908	3	8.3	1.5	6	67.7	4.9	0
1908	4	10.4	2.4	10	109.4	6.4	1.4
1908	5	17.6	9	0	37.2	13.3	8.3
1908	6	20.5	9.8	0	43.1	15.15	10.15
1908	7	21.5	12.2	0	54.2	16.85	11.85
1908	8	20	10.7	0	77	15.35	10.35
1908	9	17	9.4	0	41.9	13.2	8.2
1908	10	16.1	8.1	1	29.7	12.1	7.1
1908	11	11.1	5	3	28.6	8.05	3.05
1908	12	6.5	1.6	5	49.9	4.05	0
1909	1	6.2	1.1	12	20.9	3.65	0
1909	2	6.5	-0.6	17	10.6	2.95	0
1909	3	7.1	1.2	9	63.7	4.15	0
1909	4	15.1	3.5	5	50.2	9.3	4.3
1909	5	17.3	5.4	0	48.1	11.35	6.35
1909	6	16.1	8.8	0	101.4	12.45	7.45
1909	7	19.6	11.7	0	61.5	15.65	10.65
1909	8	21.2	11.7	0	83.7	16.45	11.45
1909	9	16.1	9.1	0	79.1	12.6	7.6
1909	10	14.1	8.1	2	90.8	11.1	6.1
1909	11	8.3	2.3	10	16.1	5.3	0.3
1909	12	7.3	1.9	9	78.4	4.6	0
1910	1	6.7	1.6	9	40.4	4.15	0
1910	2	8.6	2.8	4	74.8	5.7	0.7
1910	3	10.6	1.9	10	15.4	6.25	1.25
1910	4	11.8	4.2	3	73	8	3
1910	5	16.5	7.3	1	52.6	11.9	6.9
1910	6	19.9	11.3	0	75.7	15.6	10.6
1910	7	18.3	11.1	0	51.1	14.7	9.7
1910	8	19.5	12	0	48	15.75	10.75
1910	9	17.1	9.1	0	11.2	13.1	8.1
1910	10	14.2	8.5	0	94.6	11.35	6.35
1910	11	6.9	0.4	17	78.6	3.65	0
1910	12	8.8	4.7	1	125.9	6.75	1.75
1911	1	6.3	1.3	9	20.4	3.8	0
1911	2	8	2.4	6	35.3	5.2	0.2
1911	3	8.5	2.7	2	41.7	5.6	0.6
1911	4	12.2	4.2	6	29.6	8.2	3.2
1911	5	18.6	8.4	0	56	13.5	8.5
1911	6	20.1	10.5	0	30.2	15.3	10.3
1911	7	26.1	13.1	0	10.8	19.6	14.6
1911	8	24.9	14	0	26.1	19.45	14.45
1911	9	21.4	9.4	0	36.5	15.4	10.4
1911	10	13.4	6.7	1	62.6	10.05	5.05
1911	11	9.3	3.6	4	61.9	6.45	1.45
1911	12	9.1	4.6	1	126.9	6.85	1.85
1912	1	6.8	1.7	9	111.5	4.25	0
1912	2	8.8	3.7	6	54.2	6.25	1.25
1912	3	10.8	5	0	83.3	7.9	2.9
1912	4	14.7	3.8	2	0.6	9.25	4.25
1912	5	17.5	8.8	0	55.2	13.15	8.15
1912	6	18.6	10.2	0	83	14.4	9.4
1912	7	21.1	12.5	0	78.7	16.8	11.8
1912	8	17.1	10	0	123.6	13.55	8.55
1912	9	15.2	7.7	0	29.8	11.45	6.45
1912	10	13.3	3.9	7	80.8	8.6	3.6
1912	11	9.2	4.1	3	47.2	6.65	1.65
1912	12	10.1	5	1	85.9	7.55	2.55
1913	1	7.6	3	5	77	5.3	0.3
1913	2	7.8	1.9	9	24.9	4.85	0
1913	3	10.4	3.3	4	68.1	6.85	1.85
1913	4	12.2	4.7	1	96.8	8.45	3.45
1913	5	17	7.8	0	68.4	12.4	7.4
1913	6	19.9	10	0	14.5	14.95	9.95
1913	7	19.6	11.4	0	20.1	15.5	10.5
1913	8	21	11.1	0	20.4	16.05	11.05
1913	9	18.6	10.8	0	47.6	14.7	9.7
1913	10	15	8.5	1	120.9	11.75	6.75
1913	11	11.9	5.7	2	63.6	8.8	3.8
1913	12	7.5	2.8	10	24.2	5.15	0.15
1914	1	6	1.2	13	13.9	3.6	0
1914	2	10.4	3.8	2	51.4	7.1	2.1
1914	3	10.1	3.3	6	92	6.7	1.7
1914	4	15.9	4.7	0	29.8	10.3	5.3
1914	5	16.6	6.4	2	37.1	11.5	6.5
1914	6	20.8	10	0	77.4	15.4	10.4
1914	7	20.9	12.2	0	77.7	16.55	11.55
1914	8	21.8	12.1	0	47.3	16.95	11.95
1914	9	19.5	8.3	0	22.2	13.9	8.9
1914	10	14.6	7.2	0	74.8	10.9	5.9
1914	11	10.2	4	6	74.1	7.1	2.1
1914	12	8	2.6	6	147.9	5.3	0.3
1915	1	6.5	2.2	6	81.1	4.35	0
1915	2	7.9	1.9	7	91.7	4.9	0
1915	3	9.3	1.8	11	33.1	5.55	0.55
1915	4	12.9	3.5	1	21	8.2	3.2
1915	5	17.1	6.4	0	90.3	11.75	6.75
1915	6	20.6	9.5	0	35.1	15.05	10.05
1915	7	19.7	11.3	0	114.1	15.5	10.5
1915	8	20.8	12.2	0	35.2	16.5	11.5
1915	9	18.8	8.6	0	74.3	13.7	8.7
1915	10	12.7	6.3	2	53.3	9.5	4.5
1915	11	6.9	0.1	15	64.6	3.5	0
1915	12	9	3.5	6	127.1	6.25	1.25
1916	1	10.3	5.1	0	38.1	7.7	2.7
1916	2	6.5	1.1	10	97.3	3.8	0
1916	3	6.5	1.1	9	131.8	3.8	0
1916	4	13.9	4.3	1	25.2	9.1	4.1
1916	5	17.3	7.6	0	51.6	12.45	7.45
1916	6	15.9	8.1	0	46.9	12	7
1916	7	20.9	11	0	45.3	15.95	10.95
1916	8	21.8	12.6	0	102.9	17.2	12.2
1916	9	17.6	9	0	23.3	13.3	8.3
1916	10	14.6	8.2	2	93.7	11.4	6.4
1916	11	9.4	3.8	4	85.6	6.6	1.6
1916	12	4.1	-0.6	18	72.3	1.75	0
1917	1	3.2	0.1	18	36.5	1.65	0
1917	2	4.3	-1.4	16	32	1.45	0
1917	3	6.9	0	15	45.5	3.45	0
1917	4	10.5	1.8	11	41.5	6.15	1.15
1917	5	19.5	8.2	0	42	13.85	8.85
1917	6	21.4	10.8	0	56.4	16.1	11.1
1917	7	21.1	11.9	0	82.9	16.5	11.5
1917	8	19	12.7	0	101.3	15.85	10.85
1917	9	18.7	10.8	0	43.1	14.75	9.75
1917	10	12.2	4	1	106	8.1	3.1
1917	11	10.6	5.3	2	17.3	7.95	2.95
1917	12	4.7	-0.7	18	24.5	2	0
1918	1	6.4	1.3	13	69.6	3.85	0
1918	2	9.2	3.9	5	27.9	6.55	1.55
1918	3	10.9	2.1	7	19.8	6.5	1.5
1918	4	10.5	3.6	2	81.5	7.05	2.05
1918	5	19.1	8	0	47	13.55	8.55
1918	6	18.9	8.5	0	33.3	13.7	8.7
1918	7	20.8	11.7	0	100.6	16.25	11.25
1918	8	21.1	12	0	30.5	16.55	11.55
1918	9	16.1	9	0	126.1	12.55	7.55
1918	10	12.6	6.4	0	44.3	9.5	4.5
1918	11	9.2	2.1	11	49.5	5.65	0.65
1918	12	9.9	5	2	59.5	7.45	2.45
1919	1	5.2	0.6	12	85.5	2.9	0
1919	2	4.3	-1	15	55.7	1.65	0
1919	3	7.5	1	11	97.9	4.25	0
1919	4	11.8	3.3	7	57.1	7.55	2.55
1919	5	19.5	7.8	0	15.6	13.65	8.65
1919	6	20.4	9.7	0	17.9	15.05	10.05
1919	7	18.7	10.2	0	59.7	14.45	9.45
1919	8	22.4	12	0	72.5	17.2	12.2
1919	9	18	8.7	1	31.5	13.35	8.35
1919	10	12.1	2.3	5	38.2	7.2	2.2
1919	11	6.1	1	12	21.8	3.55	0
1919	12	8.6	3.2	3	112.3	5.9	0.9
1920	1	8.6	2.8	6	54.3	5.7	0.7
1920	2	9.9	2.7	6	16.1	6.3	1.3
1920	3	12	3.8	3	41.8	7.9	2.9
1920	4	12	5.9	0	78.5	8.95	3.95
1920	5	17.1	7.8	0	42.9	12.45	7.45
1920	6	19.6	10.1	0	81.2	14.85	9.85
1920	7	18.2	11	0	119	14.6	9.6
1920	8	18	9.7	0	28.5	13.85	8.85
1920	9	18.1	9.3	0	45	13.7	8.7
1920	10	14.5	6.6	1	48.9	10.55	5.55
1920	11	9.8	3.4	7	35.1	6.6	1.6
1920	12	6.8	2.2	9	58.9	4.5	0
1921	1	9.9	5.2	2	62.4	7.55	2.55
1921	2	8.6	1.4	7	14.3	5	0
1921	3	11.8	4.1	1	23.8	7.95	2.95
1921	4	14.2	3.9	3	23.1	9.05	4.05
1921	5	17.5	6.9	1	38	12.2	7.2
1921	6	21.4	9.5	0	8.7	15.45	10.45
1921	7	26.1	13.3	0	7.2	19.7	14.7
1921	8	20.9	12.1	0	41.9	16.5	11.5
1921	9	20.6	9.3	0	43.6	14.95	9.95
1921	10	18.9	8.2	0	32.5	13.55	8.55
1921	11	8	1.7	12	42.9	4.85	0
1921	12	9.4	3.6	5	40.9	6.5	1.5
1922	1	7.1	1.3	13	61.2	4.2	0
1922	2	8.3	1.4	11	58	4.85	0
1922	3	8.5	1.8	8	48.9	5.15	0.15
1922	4	10.4	1.9	7	71.9	6.15	1.15
1922	5	19.9	8.1	0	34	14	9
1922	6	19.9	9.3	0	30.3	14.6	9.6
1922	7	18.5	10.4	0	90.2	14.45	9.45
1922	8	18.1	10.1	0	130.4	14.1	9.1
1922	9	16.9	8.8	0	35.4	12.85	7.85
1922	10	12.9	4	6	12.7	8.45	3.45
1922	11	9	2.3	8	31.2	5.65	0.65
1922	12	8.4	3.9	1	66.4	6.15	1.15
1923	1	8.4	2.2	4	40.6	5.3	0.3
1923	2	8.8	3.7	2	91.3	6.25	1.25
1923	3	9.8	3.6	1	66.8	6.7	1.7
1923	4	12.2	4.3	2	57.9	8.25	3.25
1923	5	14.7	6	1	36.6	10.35	5.35
1923	6	17.3	8.8	0	10.8	13.05	8.05
1923	7	23.4	13.5	0	37.9	18.45	13.45
1923	8	21.4	11.1	0	83.8	16.25	11.25
1923	9	18	8.5	0	46.3	13.25	8.25
1923	10	13.6	7.1	0	99.7	10.35	5.35
1923	11	6.8	0	13	34.6	3.4	0
1923	12	7.4	1	14	60.4	4.2	0
1924	1	7.7	3	5	80.1	5.35	0.35
1924	2	6.3	0.4	12	6.5	3.35	0
1924	3	9.6	-0.2	21	23.8	4.7	0
1924	4	12.5	3.7	5	67.6	8.1	3.1
1924	5	16.9	8	0	100.6	12.45	7.45
1924	6	19.1	10.4	0	69.3	14.75	9.75
1924	7	20.7	10.9	0	92.5	15.8	10.8
1924	8	18.8	10.5	0	49.8	14.65	9.65
1924	9	17.4	10.5	0	108.4	13.95	8.95
1924	10	14.1	7.3	1	99	10.7	5.7
1924	11	10.1	4.8	4	47.2	7.45	2.45
1924	12	9.1	4.3	1	110.1	6.7	1.7
1925	1	8.4	2.3	6	40.9	5.35	0.35
1925	2	9	2.5	2	86.4	5.75	0.75
1925	3	8.9	1.5	13	11.9	5.2	0.2
1925	4	12.2	3.6	1	56.6	7.9	2.9
1925	5	16.8	7.8	0	68	12.3	7.3
1925	6	21.5	9.9	0	1.7	15.7	10.7
1925	7	22.5	12.3	0	98.9	17.4	12.4
1925	8	20.1	12	0	59.5	16.05	11.05
1925	9	16.3	7.8	0	82	12.05	7.05
1925	10	15.2	6.9	2	71.4	11.05	6.05
1925	11	7.7	1.4	16	47.6	4.55	0
1925	12	6	0.4	15	51.5	3.2	0
1926	1	7.5	1.5	9	101	4.5	0
1926	2	10.2	4.7	1	54.1	7.45	2.45
1926	3	10.6	3.3	2	16.8	6.95	1.95
1926	4	14.1	5.2	0	68.8	9.65	4.65
1926	5	15.1	6.6	0	79.5	10.85	5.85
1926	6	18.8	9.4	0	61.9	14.1	9.1
1926	7	21.6	12.9	0	67.6	17.25	12.25
1926	8	21.6	12.1	0	30.2	16.85	11.85
1926	9	19.6	11	0	35.7	15.3	10.3
1926	10	12.6	4.5	7	55	8.55	3.55
1926	11	10	3.6	5	113.5	6.8	1.8
1926	12	6.9	1.3	10	11.3	4.1	0
1927	1	7.8	1.8	7	60.6	4.8	0
1927	2	7	1.3	12	97.9	4.15	0
1927	3	11.5	4.4	1	60.4	7.95	2.95
1927	4	13.1	4.5	1	44.1	8.8	3.8
1927	5	17.7	6.8	1	21.4	12.25	7.25
1927	6	17.9	8.8	0	81.1	13.35	8.35
1927	7	19.6	12.6	0	78.4	16.1	11.1
1927	8	20.1	12.2	0	105.4	16.15	11.15
1927	9	16.4	9.6	0	133.8	13	8
1927	10	15	6.8	0	48.1	10.9	5.9
1927	11	9.5	3.5	8	67.1	6.5	1.5
1927	12	4	0.3	12	87	2.15	0
1928	1	9	2.2	3	97.3	5.6	0.6
1928	2	10.3	2.2	7	44.9	6.25	1.25
1928	3	10.6	3.4	6	39	7	2
1928	4	13	4.5	3	22.5	8.75	3.75
1928	5	16.5	6.4	1	14.8	11.45	6.45
1928	6	18.6	9.1	0	45.1	13.85	8.85
1928	7	23.3	12.4	0	48	17.85	12.85
1928	8	20.2	11.7	0	33.3	15.95	10.95
1928	9	19.2	7.9	0	16	13.55	8.55
1928	10	14.8	6.8	1	83.9	10.8	5.8
1928	11	11.5	4.6	2	70.8	8.05	3.05
1928	12	6.6	0.4	9	55.8	3.5	0
1929	1	3.7	-1.1	21	29.8	1.3	0
1929	2	3.3	-3	19	14.1	0.15	0
1929	3	12.9	-0.1	17	1.4	6.4	1.4
1929	4	11.8	2.5	6	34.3	7.15	2.15
1929	5	17.1	6.4	2	28.4	11.75	6.75
1929	6	18.9	8.9	0	24.3	13.9	8.9
1929	7	22.7	11.2	0	34.8	16.95	11.95
1929	8	21.2	11.6	0	25.4	16.4	11.4
1929	9	23.2	10.7	0	2.6	16.95	11.95
1929	10	14.1	6.3	2	77.7	10.2	5.2
1929	11	11	3.3	9	165.9	7.15	2.15
1929	12	9.2	3.4	5	131.7	6.3	1.3
1930	1	9	3.4	1	73	6.2	1.2
1930	2	5.4	0.3	13	13.7	2.85	0
1930	3	9.8	1.8	10	31	5.8	0.8
1930	4	12.5	5	1	55.1	8.75	3.75
1930	5	15.6	7	0	54.9	11.3	6.3
1930	6	21.1	10.8	0	20.1	15.95	10.95
1930	7	20.1	11.7	0	79.5	15.9	10.9
1930	8	21.2	12	0	51.9	16.6	11.6
1930	9	18	10.5	0	90.8	14.25	9.25
1930	10	14.6	7.5	0	32	11.05	6.05
1930	11	10.2	2.8	8	106.1	6.5	1.5
1930	12	7	1.9	9	76.8	4.45	0
1931	1	6.5	0.8	14	36.2	3.65	0
1931	2	7.4	1.3	6	43.7	4.35	0
1931	3	9.2	0.3	16	3.7	4.75	0
1931	4	11.8	4.7	0	75.8	8.25	3.25
1931	5	16.1	7.8	0	72.8	11.95	6.95
1931	6	19.5	11	0	89.7	15.25	10.25
1931	7	19.6	12.1	0	80.6	15.85	10.85
1931	8	19.1	11.2	0	90.4	15.15	10.15
1931	9	15.7	8.3	0	62.9	12	7
1931	10	13.4	5.2	8	18.1	9.3	4.3
1931	11	11	5.1	1	90.6	8.05	3.05
1931	12	7.8	2.8	6	28.8	5.3	0.3
1932	1	9.4	3.5	5	38.3	6.45	1.45
1932	2	5.8	-0.4	17	3.5	2.7	0
1932	3	9.6	0.4	15	54.4	5	0
1932	4	11.3	3.8	1	62.1	7.55	2.55
1932	5	14.8	7.5	0	139.1	11.15	6.15
1932	6	19.2	9.5	0	14.6	14.35	9.35
1932	7	20.6	12.7	0	61.6	16.65	11.65
1932	8	22.9	13.6	0	64.7	18.25	13.25
1932	9	17.7	9.7	0	66	13.7	8.7
1932	10	13.1	5.9	1	120.8	9.5	4.5
1932	11	9.6	4	1	31.5	6.8	1.8
1932	12	8.2	3.5	4	17.7	5.85	0.85
1933	1	5.3	-0.7	19	44.5	2.3	0
1933	2	7.9	1.4	14	88.6	4.65	0
1933	3	12.9	3.3	4	60.6	8.1	3.1
1933	4	14.4	4.5	2	25.3	9.45	4.45
1933	5	17.7	8.1	0	44.9	12.9	7.9
1933	6	21.4	10.6	0	34.1	16	11
1933	7	23.9	13.6	0	47.5	18.75	13.75
1933	8	24.6	12.7	0	20.5	18.65	13.65
1933	9	20.6	10.7	0	52.8	15.65	10.65
1933	10	14	6.7	1	36.3	10.35	5.35
1933	11	8.8	2.8	6	28.5	5.8	0.8
1933	12	3.5	-0.7	16	7.8	1.4	0
1934	1	7.5	0.6	12	47.8	4.05	0
1934	2	7.5	-0.5	14	7.7	3.5	0
1934	3	9.6	1.3	8	45.2	5.45	0.45
1934	4	12.7	4.5	3	53	8.6	3.6
1934	5	17.6	6.9	0	18	12.25	7.25
1934	6	21.1	10.6	0	36.6	15.85	10.85
1934	7	25.3	12.9	0	24	19.1	14.1
1934	8	21.1	11.4	0	46.2	16.25	11.25
1934	9	20.2	10.7	0	61.4	15.45	10.45
1934	10	14.5	7.6	1	34.9	11.05	6.05
1934	11	9.3	3.9	3	41.4	6.6	1.6
1934	12	10.5	5.9	0	142.2	8.2	3.2
1935	1	7.3	2.5	5	13.9	4.9	0
1935	2	9.3	2.9	4	52	6.1	1.1
1935	3	11.1	2.8	6	11.4	6.95	1.95
1935	4	12.6	4.4	3	91.8	8.5	3.5
1935	5	15.1	5.4	2	35.9	10.25	5.25
1935	6	20	11.2	0	114.6	15.6	10.6
1935	7	23.9	12.7	0	12.9	18.3	13.3
1935	8	23.4	12.1	0	45.3	17.75	12.75
1935	9	18.7	10.2	0	116.3	14.45	9.45
1935	10	14	6.1	3	94.9	10.05	5.05
1935	11	10.4	4.3	2	103.1	7.35	2.35
1935	12	5.6	0.9	12	78.8	3.25	0
1936	1	7.2	1.7	12	80.3	4.45	0
1936	2	6.2	-0.3	15	39.6	2.95	0
1936	3	11	4.1	4	46.5	7.55	2.55
1936	4	10.7	2.9	4	41.8	6.8	1.8
1936	5	17.1	6.8	0	10.7	11.95	6.95
1936	6	20	10.6	0	91.6	15.3	10.3
1936	7	19.6	12	0	87.1	15.8	10.8
1936	8	22.2	11.7	0	21	16.95	11.95
1936	9	18.7	11.3	0	83.7	15	10
1936	10	13.8	5.2	0	33.6	9.5	4.5
1936	11	9	2.2	10	67.7	5.6	0.6
1936	12	8.5	2.2	8	50.7	5.35	0.35
1937	1	8.4	2.5	6	84.8	5.45	0.45
1937	2	9.5	3.5	2	120.3	6.5	1.5
1937	3	7.7	0.8	12	77.5	4.25	0
1937	4	13.5	5.8	1	66.9	9.65	4.65
1937	5	17.5	8.2	0	66.7	12.85	7.85
1937	6	20	10	0	39.8	15	10
1937	7	21.2	12.6	0	35.2	16.9	11.9
1937	8	23.6	12.5	0	11.2	18.05	13.05
1937	9	19.3	9.1	0	50.4	14.2	9.2
1937	10	14.8	7.2	0	68.6	11	6
1937	11	8.6	1.6	11	31	5.1	0.1
1937	12	6	0.7	14	48.5	3.35	0
1938	1	8.8	3.4	0	67.3	6.1	1.1
1938	2	8.2	2	6	21.3	5.1	0.1
1938	3	15.5	4.3	5	8.9	9.9	4.9
1938	4	13	2.5	5	2.7	7.75	2.75
1938	5	15.9	6.5	1	50.1	11.2	6.2
1938	6	20.3	10.8	0	24.3	15.55	10.55
1938	7	21	11.7	0	30.4	16.35	11.35
1938	8	21.9	12.6	0	91.8	17.25	12.25
1938	9	19	10.1	0	54.5	14.55	9.55
1938	10	14.7	7.1	0	72	10.9	5.9
1938	11	12.9	6.9	0	80.6	9.9	4.9
1938	12	7.2	1.5	11	73.5	4.35	0
1939	1	7.4	2.3	6	113	4.85	0
1939	2	9.5	2.8	4	26.6	6.15	1.15
1939	3	9.6	2.8	4	40	6.2	1.2
1939	4	14.1	4.9	1	76.8	9.5	4.5
1939	5	16.3	7.3	0	30.1	11.8	6.8
1939	6	19.5	9.7	0	49.9	14.6	9.6
1939	7	19.8	12.1	0	106.2	15.95	10.95
1939	8	21.5	12.4	0	42.6	16.95	11.95
1939	9	19.3	10.8	0	13.8	15.05	10.05
1939	10	12.5	5.2	0	134	8.85	3.85
1939	11	12.3	6.5	0	104.3	9.4	4.4
1939	12	5.6	0.6	11	36.3	3.1	0
1940	1	1.9	-4.6	26	74.2	-1.35	0
1940	2	5.6	0.2	13	55.8	2.9	0
1940	3	10.8	2.5	7	64.3	6.65	1.65
1940	4	13.9	5	5	45.2	9.45	4.45
1940	5	18.6	7.8	0	38	13.2	8.2
1940	6	22.6	11.1	0	15.3	16.85	11.85
1940	7	20.5	11.1	0	61	15.8	10.8
1940	8	22.1	11.1	0	1.8	16.6	11.6
1940	9	19.2	8.6	0	24.1	13.9	8.9
1940	10	13.9	6	1	67.1	9.95	4.95
1940	11	10.3	4.3	2	175.5	7.3	2.3
1940	12	6.6	0.8	11	32.8	3.7	0
1941	1	3	-1.2	17	64.4	0.9	0
1941	2	7.3	1.3	11	63.9	4.3	0
1941	3	9.4	1.4	10	64.5	5.4	0.4
1941	4	11.2	3.1	3	26.3	7.15	2.15
1941	5	14.1	5	5	43.7	9.55	4.55
1941	6	21	10.9	0	52.9	15.95	10.95
1941	7	23.6	13.1	0	112.7	18.35	13.35
1941	8	19.3	11.3	0	85.1	15.3	10.3
1941	9	19	10.4	0	10.6	14.7	9.7
1941	10	14.7	6.4	0	28.8	10.55	5.55
1941	11	10	4.2	2	66.6	7.1	2.1
1941	12	8.3	2.7	6	29.8	5.5	0.5
1942	1	3.5	-2	20	87.5	0.75	0
1942	2	2.8	-2.6	25	16.8	0.1	0
1942	3	9.4	1.9	9	60.3	5.65	0.65
1942	4	14.3	5.1	0	26	9.7	4.7
1942	5	16.8	6.8	0	78.8	11.8	6.8
1942	6	21.5	9.5	0	4.1	15.5	10.5
1942	7	20.9	11.8	0	46.8	16.35	11.35
1942	8	21.8	12.8	0	94.2	17.3	12.3
1942	9	18.6	10	0	28.4	14.3	9.3
1942	10	14.6	7.3	0	89.4	10.95	5.95
1942	11	8.4	1.9	6	50	5.15	0.15
1942	12	9.4	4.7	2	85.9	7.05	2.05
1943	1	8.3	2.9	7	96.5	5.6	0.6
1943	2	9.5	2.7	3	23.7	6.1	1.1
1943	3	11.7	2.2	8	19.6	6.95	1.95
1943	4	16.2	6.9	0	25.7	11.55	6.55
1943	5	18.2	7.7	0	57.4	12.95	7.95
1943	6	20.1	10.3	0	43	15.2	10.2
1943	7	23	11.9	0	25	17.45	12.45
1943	8	21.8	12.4	0	56.9	17.1	12.1
1943	9	18.8	9.2	0	44	14	9
1943	10	15	6.8	0	62	10.9	5.9
1943	11	9.6	3.1	5	35.1	6.35	1.35
1943	12	6.3	0.7	12	26	3.5	0
1944	1	9.2	3	6	36.3	6.1	1.1
1944	2	6.4	0.9	10	23.2	3.65	0
1944	3	10.3	1.2	10	6.5	5.75	0.75
1944	4	15.8	6.1	0	36.2	10.95	5.95
1944	5	18.3	6.5	1	18.1	12.4	7.4
1944	6	19	9.6	0	52.2	14.3	9.3
1944	7	21.5	13.1	0	56.2	17.3	12.3
1944	8	23.2	13	0	49	18.1	13.1
1944	9	17.9	8.6	0	64.8	13.25	8.25
1944	10	13.2	6.6	0	85.6	9.9	4.9
1944	11	9.8	3.6	4	91	6.7	1.7
1944	12	6	0.8	11	40.5	3.4	0
1945	1	3.2	-2	22	49.9	0.6	0
1945	2	10.9	4.7	0	46.8	7.8	2.8
1945	3	13.1	3.9	3	20.4	8.5	3.5
1945	4	16.1	5.6	2	32.6	10.85	5.85
1945	5	18	8.2	2	54	13.1	8.1
1945	6	19.7	10.8	0	66.2	15.25	10.25
1945	7	22.1	12.8	0	52	17.45	12.45
1945	8	21.3	11.7	0	37.2	16.5	11.5
1945	9	18.6	11.5	0	47.5	15.05	10.05
1945	10	16.5	8	0	69.4	12.25	7.25
1945	11	10	4.4	4	4.8	7.2	2.2
1945	12	8.1	2.5	4	88.9	5.3	0.3
1946	1	5.9	0.1	16	35.2	3	0
1946	2	9.4	4	3	56.1	6.7	1.7
1946	3	9.6	1.3	9	24.4	5.45	0.45
1946	4	16.1	5	0	34.4	10.55	5.55
1946	5	15.7	6.2	0	78.6	10.95	5.95
1946	6	18.1	9.5	0	58.3	13.8	8.8
1946	7	22.3	12.7	0	32.2	17.5	12.5
1946	8	20.1	11.4	0	92.2	15.75	10.75
1946	9	18.4	11	0	85.4	14.7	9.7
1946	10	13.7	7.1	3	20.2	10.4	5.4
1946	11	11.2	5.7	1	114.1	8.45	3.45
1946	12	6.2	-0.1	13	53.8	3.05	0
1947	1	4.9	-0.6	15	35.2	2.15	0
1947	2	-0.2	-4.4	26	42.5	-2.3	0
1947	3	7.7	1.3	14	132.9	4.5	0
1947	4	13.8	5.2	0	47	9.5	4.5
1947	5	19.2	9	0	47.9	14.1	9.1
1947	6	21.5	11.4	0	27.4	16.45	11.45
1947	7	22.6	13.6	0	43.2	18.1	13.1
1947	8	25.8	13.1	0	15	19.45	14.45
1947	9	20.7	11.1	0	29.3	15.9	10.9
1947	10	15.8	5.6	2	10.5	10.7	5.7
1947	11	10.9	4.6	8	32.2	7.75	2.75
1947	12	8.1	2.8	6	44.9	5.45	0.45
1948	1	9.1	3.2	4	127.3	6.15	1.15
1948	2	7.9	2.2	11	22.6	5.05	0.05
1948	3	14	3.5	4	18.5	8.75	3.75
1948	4	14.8	4.4	2	42.6	9.6	4.6
1948	5	17.5	6.5	0	126	12	7
1948	6	18.5	9.9	0	53.7	14.2	9.2
1948	7	21.1	12.1	0	21.7	16.6	11.6
1948	8	20.1	11.9	0	87.3	16	11
1948	9	19.1	10.7	0	63.1	14.9	9.9
1948	10	14.3	6.4	3	59.3	10.35	5.35
1948	11	10.5	4.2	7	38.3	7.35	2.35
1948	12	9.1	3.4	5	68.7	6.25	1.25
1949	1	8.6	3.1	5	23.4	5.85	0.85
1949	2	10.3	1.6	8	25.8	5.95	0.95
1949	3	9	1.7	9	43.2	5.35	0.35
1949	4	15.5	6.1	1	33.4	10.8	5.8
1949	5	16.7	6.6	0	61.4	11.65	6.65
1949	6	21.6	10.3	0	11.7	15.95	10.95
1949	7	24.7	12.8	0	23	18.75	13.75
1949	8	22.9	12.6	0	37.7	17.75	12.75
1949	9	22	12.5	0	58.3	17.25	12.25
1949	10	16.3	8.4	2	161.8	12.35	7.35
1949	11	9.9	3.4	5	64.2	6.65	1.65
1949	12	9.1	3.3	4	34.6	6.2	1.2
1950	1	6.9	1.5	12	14.2	4.2	0
1950	2	9.5	2.8	5	103.9	6.15	1.15
1950	3	12.2	3.6	3	22.3	7.9	2.9
1950	4	12.5	4.2	2	54.4	8.35	3.35
1950	5	16	7.1	0	55.5	11.55	6.55
1950	6	22.1	11.8	0	39.1	16.95	11.95
1950	7	20.8	12.5	0	135.5	16.65	11.65
1950	8	20.8	12.2	0	77.6	16.5	11.5
1950	9	17.3	10	0	73	13.65	8.65
1950	10	13.4	6.6	3	12.9	10	5
1950	11	8.7	4	3	112.3	6.35	1.35
1950	12	3.7	-0.7	20	33.3	1.5	0
1951	1	7.1	2	8	78	4.55	0
1951	2	6.9	1.4	4	87.5	4.15	0
1951	3	8	1.6	9	90.2	4.8	0
1951	4	12	2.9	1	64.8	7.45	2.45
1951	5	14.5	6.5	0	53.4	10.5	5.5
1951	6	19.7	9.4	0	35.9	14.55	9.55
1951	7	22.3	12.1	0	34.2	17.2	12.2
1951	8	19.9	11.7	0	93.7	15.8	10.8
1951	9	18.8	10.7	0	125.1	14.75	9.75
1951	10	13.8	5	4	22.9	9.4	4.4
1951	11	11.7	6.2	1	132.1	8.95	3.95
1951	12	9	3	5	39.8	6	1
1952	1	6	0.3	13	46.4	3.15	0
1952	2	6.9	0.3	13	13.3	3.6	0
1952	3	10.5	3.9	4	61.1	7.2	2.2
1952	4	15.2	5.4	2	41.2	10.3	5.3
1952	5	19.1	9.5	0	56.6	14.3	9.3
1952	6	20.5	10.5	0	34	15.5	10.5
1952	7	23	12.9	0	7.5	17.95	12.95
1952	8	21.1	12.6	0	108.5	16.85	11.85
1952	9	15.7	7.2	0	43	11.45	6.45
1952	10	12.9	5.6	4	95.5	9.25	4.25
1952	11	7	1.3	7	96.8	4.15	0
1952	12	6	-0.6	16	55.2	2.7	0
1953	1	5.4	0.8	13	21.8	3.1	0
1953	2	7.3	1.1	11	40.4	4.2	0
1953	3	10.8	0.3	17	17.2	5.55	0.55
1953	4	12.5	3.5	1	53	8	3
1953	5	17.9	8.2	0	42.8	13.05	8.05
1953	6	18.7	10.5	0	40.5	14.6	9.6
1953	7	20.4	11.7	0	82.1	16.05	11.05
1953	8	21.7	12.2	0	74.1	16.95	11.95
1953	9	18.6	10	0	47.3	14.3	9.3
1953	10	14	6.5	0	56	10.25	5.25
1953	11	11.3	5.9	0	39.7	8.6	3.6
1953	12	9.5	5	0	18	7.25	2.25
1954	1	5.6	0.3	16	33	2.95	0
1954	2	6.5	0.2	10	59.7	3.35	0
1954	3	10.1	2.9	4	64.4	6.5	1.5
1954	4	12.8	2.8	5	10.1	7.8	2.8
1954	5	15.9	7.2	0	53.3	11.55	6.55
1954	6	17.9	10.3	0	92.3	14.1	9.1
1954	7	18.6	11.3	0	55.8	14.95	9.95
1954	8	19.2	11.3	0	80.1	15.25	10.25
1954	9	17.6	9.4	0	66.3	13.5	8.5
1954	10	15.8	9.3	1	54.9	12.55	7.55
1954	11	10.9	3.8	5	112.2	7.35	2.35
1954	12	9.6	4.4	3	51.4	7	2
1955	1	5.4	0.3	13	62.7	2.85	0
1955	2	4.5	-1.1	18	36.3	1.7	0
1955	3	7.5	-0.4	19	36.5	3.55	0
1955	4	14.6	5.6	0	16.6	10.1	5.1
1955	5	14.6	6	0	113.5	10.3	5.3
1955	6	19.3	10.1	0	107.4	14.7	9.7
1955	7	23.7	12.6	0	7.4	18.15	13.15
1955	8	24.3	13.6	0	11.5	18.95	13.95
1955	9	19.4	10	0	38.3	14.7	9.7
1955	10	13.9	5.4	4	40.1	9.65	4.65
1955	11	10.4	3.7	6	35.4	7.05	2.05
1955	12	9.4	2.2	6	79.1	5.8	0.8
1956	1	6.7	1	13	99.5	3.85	0
1956	2	2.5	-3.5	21	11.4	-0.5	0
1956	3	10.8	2.2	8	17.3	6.5	1.5
1956	4	12.2	2.6	2	48.1	7.4	2.4
1956	5	18.2	7.1	0	8.5	12.65	7.65
1956	6	17.9	9.6	0	62.7	13.75	8.75
1956	7	20.9	12.5	0	62	16.7	11.7
1956	8	18.4	10.6	0	114.9	14.5	9.5
1956	9	18.4	11.1	0	60	14.75	9.75
1956	10	13.6	5.8	0	45.9	9.7	4.7
1956	11	9.1	2.9	4	19.7	6	1
1956	12	8.2	3.5	10	80.7	5.85	0.85
1957	1	8.6	3	4	41	5.8	0.8
1957	2	9.1	3.2	6	71.7	6.15	1.15
1957	3	13.6	5.9	1	43.1	9.75	4.75
1957	4	13.5	5.1	1	9.9	9.3	4.3
1957	5	15.4	6.2	0	42.4	10.8	5.8
1957	6	22.2	10.1	0	55.7	16.15	11.15
1957	7	21.5	13.4	0	85.4	17.45	12.45
1957	8	20.4	12.1	0	95.9	16.25	11.25
1957	9	16.9	9.7	0	101.5	13.3	8.3
1957	10	15.4	7.6	0	52.6	11.5	6.5
1957	11	8.8	3.7	3	50.5	6.25	1.25
1957	12	7.4	1.6	10	64.4	4.5	0
1958	1	6.6	1	11	90.2	3.8	0
1958	2	9	2.3	8	65.4	5.65	0.65
1958	3	7.8	0.9	14	34.6	4.35	0
1958	4	12.1	3.6	6	27.5	7.85	2.85
1958	5	16.4	7.9	0	54.4	12.15	7.15
1958	6	19.1	10.7	0	84.2	14.9	9.9
1958	7	20.8	12.3	0	63.6	16.55	11.55
1958	8	20.2	12.7	0	67.3	16.45	11.45
1958	9	19.3	11.8	0	80.3	15.55	10.55
1958	10	14.4	8.1	0	72.5	11.25	6.25
1958	11	9.3	4.2	1	76.7	6.75	1.75
1958	12	7.4	2.7	4	83.5	5.05	0.05
1959	1	4.9	-0.6	20	94.1	2.15	0
1959	2	7.1	1.3	12	2.2	4.2	0
1959	3	11.4	4.1	0	86.6	7.75	2.75
1959	4	14.2	6.3	0	52.2	10.25	5.25
1959	5	18.3	7.7	0	25.8	13	8
1959	6	21	10.9	0	25.2	15.95	10.95
1959	7	23.9	12.8	0	64.9	18.35	13.35
1959	8	23.3	13	0	44	18.15	13.15
1959	9	21.8	9.4	0	5.4	15.6	10.6
1959	10	17.3	7.8	0	49.1	12.55	7.55
1959	11	10.6	3.7	7	44.9	7.15	2.15
1959	12	9.2	3.4	2	124	6.3	1.3
1960	1	6.5	1.6	12	82.3	4.05	0
1960	2	7.5	1.9	6	50.6	4.7	0
1960	3	9.8	3.9	1	24.9	6.85	1.85
1960	4	14	4.8	3	16.9	9.4	4.4
1960	5	17.8	8.8	0	61.4	13.3	8.3
1960	6	21.8	11.9	0	111	16.85	11.85
1960	7	19.6	11.9	0	110.1	15.75	10.75
1960	8	20	11.4	0	50.5	15.7	10.7
1960	9	17.8	9.8	0	104.8	13.8	8.8
1960	10	13.8	7.9	0	138.6	10.85	5.85
1960	11	10.8	4.7	1	106.1	7.75	2.75
1960	12	6.6	2.2	2	107.5	4.4	0
1961	1	6.6	1.8	5	86.1	4.2	0
1961	2	10.3	4.9	0	53.4	7.6	2.6
1961	3	13.6	3.7	3	4.5	8.65	3.65
1961	4	14.4	7	0	75.9	10.7	5.7
1961	5	16.3	7.2	0	28	11.75	6.75
1961	6	20.9	10.2	0	33.9	15.55	10.55
1961	7	21.1	11.9	0	54.3	16.5	11.5
1961	8	21.1	12	0	59.1	16.55	11.55
1961	9	20.4	11.5	0	56.9	15.95	10.95
1961	10	15	7.5	1	67.7	11.25	6.25
1961	11	9.2	3.1	6	36.9	6.15	1.15
1961	12	5.3	-0.3	18	97.8	2.5	0
1962	1	7.5	1.6	6	94.7	4.55	0
1962	2	7.5	1.6	7	10.3	4.55	0
1962	3	7.3	-0.7	17	32.4	3.3	0
1962	4	12	4.5	0	50.7	8.25	3.25
1962	5	14.8	7	0	38.6	10.9	5.9
1962	6	19.8	9.3	0	5.5	14.55	9.55
1962	7	20.2	11.8	0	54.6	16	11
1962	8	19.4	11.6	0	96.1	15.5	10.5
1962	9	17	9.5	0	115	13.25	8.25
1962	10	14.8	6.8	1	29.6	10.8	5.8
1962	11	8.3	2.8	7	55.1	5.55	0.55
1962	12	4.2	-1.6	17	50.4	1.3	0
1963	1	-0.2	-5.8	28	27.9	-3	0
1963	2	1.7	-3.1	25	10.4	-0.7	0
1963	3	9.8	3.1	5	75.9	6.45	1.45
1963	4	13.2	5.7	0	50.4	9.45	4.45
1963	5	15.6	6.9	0	43.6	11.25	6.25
1963	6	19.9	11	0	65.9	15.45	10.45
1963	7	20.4	11.4	0	48	15.9	10.9
1963	8	18.7	11.2	0	81.4	14.95	9.95
1963	9	17.6	9.7	0	58	13.65	8.65
1963	10	14.8	8.4	0	44.4	11.6	6.6
1963	11	11.4	6.3	0	115.4	8.85	3.85
1963	12	4.9	0	16	18.6	2.45	0
1964	1	5.6	1.1	9	13	3.35	0
1964	2	7.4	2.5	7	22.2	4.95	0
1964	3	7.2	2.1	7	92.6	4.65	0
1964	4	12.7	5.6	1	59.5	9.15	4.15
1964	5	18.6	9.3	0	44.4	13.95	8.95
1964	6	18.6	10.7	0	49.3	14.65	9.65
1964	7	22	12.7	0	21.2	17.35	12.35
1964	8	21.7	11.8	0	14.6	16.75	11.75
1964	9	20.6	9.6	0	15.5	15.1	10.1
1964	10	13.3	4.9	2	17.5	9.1	4.1
1964	11	10.5	5	1	25	7.75	2.75
1964	12	6.8	0.7	13	43.7	3.75	0
1965	1	6.4	1.2	14	56	3.8	0
1965	2	5.6	0.5	13	5.8	3.05	0
1965	3	10.1	1.8	10	44.2	5.95	0.95
1965	4	13.1	4.5	2	49.4	8.8	3.8
1965	5	16.3	8.4	0	63.8	12.35	7.35
1965	6	19.1	10.8	0	53.4	14.95	9.95
1965	7	18.5	11	0	90	14.75	9.75
1965	8	20.1	11	0	61.7	15.55	10.55
1965	9	16.9	9.1	0	75.4	13	8
1965	10	15.2	7	0	12	11.1	6.1
1965	11	8	1.9	11	51.2	4.95	0
1965	12	8.1	2.4	5	95.5	5.25	0.25
1966	1	5	0.8	15	30.8	2.9	0
1966	2	9	4.6	1	74.9	6.8	1.8
1966	3	10.7	3.2	3	9.9	6.95	1.95
1966	4	11.1	5	3	81.7	8.05	3.05
1966	5	16.3	7.2	0	54	11.75	6.75
1966	6	20.8	11.3	0	56.6	16.05	11.05
1966	7	19.8	11.7	0	80.9	15.75	10.75
1966	8	19.9	11.1	0	78.8	15.5	10.5
1966	9	18.5	10.3	0	52.5	14.4	9.4
1966	10	14.2	7.9	0	122.7	11.05	6.05
1966	11	8.3	2.9	4	28	5.6	0.6
1966	12	9.1	3	2	80.4	6.05	1.05
1967	1	7.2	2.6	8	35.5	4.9	0
1967	2	8.9	2.9	5	64.3	5.9	0.9
1967	3	11.1	4.2	1	30.7	7.65	2.65
1967	4	12	4.7	1	40.4	8.35	3.35
1967	5	15.6	7.5	0	85.6	11.55	6.55
1967	6	19.5	9.9	0	49.3	14.7	9.7
1967	7	22.7	13.1	0	76.6	17.9	12.9
1967	8	20.7	12.3	0	44	16.5	11.5
1967	9	17.7	10.9	0	59.4	14.3	9.3
1967	10	14.2	8.8	0	121.7	11.5	6.5
1967	11	8.9	3	5	29.2	5.95	0.95
1967	12	7.1	2	12	63.3	4.55	0
1968	1	7.3	2	8	57.9	4.65	0
1968	2	4.7	-0.1	16	26.8	2.3	0
1968	3	10.8	3.6	5	19.5	7.2	2.2
1968	4	13	4.4	6	46.1	8.7	3.7
1968	5	14.5	6.7	0	66.2	10.6	5.6
1968	6	19.9	11.4	0	69.2	15.65	10.65
1968	7	19.7	12	0	141.6	15.85	10.85
1968	8	19.4	12.3	0	91.7	15.85	10.85
1968	9	18	11.1	0	108.3	14.55	9.55
1968	10	15.8	10.6	0	67.7	13.2	8.2
1968	11	8.9	4.6	3	54.5	6.75	1.75
1968	12	5.1	1.1	11	63.6	3.1	0
1969	1	8.6	3.6	6	74.9	6.1	1.1
1969	2	4.2	-0.9	16	39.9	1.65	0
1969	3	7.3	1.1	8	48.3	4.2	0
1969	4	13.1	3.7	5	37	8.4	3.4
1969	5	16.4	8.3	0	88.8	12.35	7.35
1969	6	19.9	9.5	0	20.7	14.7	9.7
1969	7	23.2	13.1	0	49	18.15	13.15
1969	8	21.3	13.2	0	87.9	17.25	12.25
1969	9	17.7	10.8	0	32.8	14.25	9.25
1969	10	16.7	9.9	0	5	13.3	8.3
1969	11	9	3.2	5	52	6.1	1.1
1969	12	6	1.2	9	72.9	3.6	0
1970	1	6.6	1.9	10	66.6	4.25	0
1970	2	6.6	0.6	11	49.2	3.6	0
1970	3	7.6	0.6	12	45.8	4.1	0
1970	4	11.3	3.8	3	75.9	7.55	2.55
1970	5	18.8	8.7	0	22.9	13.75	8.75
1970	6	22.4	11.6	0	43	17	12
1970	7	20.4	11.9	0	42.3	16.15	11.15
1970	8	21	12.2	0	51.9	16.6	11.6
1970	9	19.4	11.2	0	40.3	15.3	10.3
1970	10	15	7.4	0	19.5	11.2	6.2
1970	11	11.4	5.6	1	150.3	8.5	3.5
1970	12	6.7	1.8	13	33.9	4.25	0
1971	1	7.2	2.5	7	105.3	4.85	0
1971	2	7.9	1.5	8	22.1	4.7	0
1971	3	8.7	2.2	8	42.9	5.45	0.45
1971	4	12	4.3	1	44.8	8.15	3.15
1971	5	17.3	7.4	0	46.3	12.35	7.35
1971	6	16.7	9.4	0	135.8	13.05	8.05
1971	7	23.2	13.1	0	37.3	18.15	13.15
1971	8	20.3	12.7	0	133.2	16.5	11.5
1971	9	19.5	9.8	0	13.4	14.65	9.65
1971	10	15.8	7.4	0	74.2	11.6	6.6
1971	11	9.8	3	7	61.3	6.4	1.4
1971	12	8.7	4.6	3	24	6.65	1.65
1972	1	6.4	2	6	60.5	4.2	0
1972	2	7	2.5	1	50.8	4.75	0
1972	3	11.8	2.8	4	63.2	7.3	2.3
1972	4	12.2	5.4	0	45.8	8.8	3.8
1972	5	15.1	7.4	0	49.8	11.25	6.25
1972	6	16.6	8.8	0	55.8	12.7	7.7
1972	7	21	11.8	0	23.3	16.4	11.4
1972	8	20.7	11.6	0	29.8	16.15	11.15
1972	9	16.5	8.3	0	31	12.4	7.4
1972	10	14.8	7.4	0	25.9	11.1	6.1
1972	11	9.5	3.8	7	65.8	6.65	1.65
1972	12	8.7	3.5	2	74	6.1	1.1
1973	1	6.8	2.1	10	24.4	4.45	0
1973	2	7.7	1.3	11	15	4.5	0
1973	3	11	2.1	4	10.8	6.55	1.55
1973	4	12.1	4.2	2	42.4	8.15	3.15
1973	5	16.2	8.1	0	71.2	12.15	7.15
1973	6	20.9	10.9	0	109.3	15.9	10.9
1973	7	20.8	12.2	0	60	16.5	11.5
1973	8	22.5	12.8	0	28.8	17.65	12.65
1973	9	19.7	11	0	32.7	15.35	10.35
1973	10	12.8	5.5	1	40.8	9.15	4.15
1973	11	9.8	3.2	10	28.3	6.5	1.5
1973	12	8.3	2.3	8	30.9	5.3	0.3
1974	1	9.3	3.6	3	65	6.45	1.45
1974	2	8.7	3.1	4	77.7	5.9	0.9
1974	3	9.3	2.4	6	36.7	5.85	0.85
1974	4	13	3.8	0	4.2	8.4	3.4
1974	5	16.1	6.8	0	31.6	11.45	6.45
1974	6	19.1	10.1	0	78.7	14.6	9.6
1974	7	20.1	12.2	0	41.7	16.15	11.15
1974	8	20.6	11.3	0	97.2	15.95	10.95
1974	9	16.5	9.1	0	156.1	12.8	7.8
1974	10	11	4.9	1	66.4	7.95	2.95
1974	11	10.1	5	0	95.1	7.55	2.55
1974	12	10.6	5.9	0	33.4	8.25	3.25
1975	1	9.8	4.6	1	69.4	7.2	2.2
1975	2	7.9	1.8	4	29.7	4.85	0
1975	3	7.8	2.5	6	95.2	5.15	0.15
1975	4	12.8	5.3	4	46.9	9.05	4.05
1975	5	14.3	6.4	0	49	10.35	5.35
1975	6	21.5	9.4	0	18	15.45	10.45
1975	7	23.8	13.4	0	34.1	18.6	13.6
1975	8	25.1	14.1	0	30.2	19.6	14.6
1975	9	18.7	9.9	0	95.3	14.3	9.3
1975	10	14.2	6.5	1	11	10.35	5.35
1975	11	9.8	2.5	7	37.9	6.15	1.15
1975	12	7.5	1.7	10	21.7	4.6	0
1976	1	8.5	3.4	8	18.9	5.95	0.95
1976	2	7.5	2.3	8	18.8	4.9	0
1976	3	9	1.7	11	16	5.35	0.35
1976	4	12.9	4.1	4	8.1	8.5	3.5
1976	5	17.8	8.3	0	44.2	13.05	8.05
1976	6	24.4	12.6	0	17.1	18.5	13.5
1976	7	25.9	13.2	0	14.3	19.55	14.55
1976	8	24.4	11.4	0	23.9	17.9	12.9
1976	9	18.1	10.5	0	90.7	14.3	9.3
1976	10	14.1	8.3	0	99.5	11.2	6.2
1976	11	9.2	3.4	5	55.9	6.3	1.3
1976	12	4.6	-0.4	13	101.8	2.1	0
1977	1	5.4	0.7	11	75.9	3.05	0
1977	2	8.9	3.3	4	114.4	6.1	1.1
1977	3	10.5	4.3	4	59.8	7.4	2.4
1977	4	11.6	3.8	4	40.7	7.7	2.7
1977	5	15.7	6.1	0	43.1	10.9	5.9
1977	6	16.7	8.5	0	86.9	12.6	7.6
1977	7	21	12	0	5.8	16.5	11.5
1977	8	19.7	12.2	0	129	15.95	10.95
1977	9	17.5	10.4	0	7.8	13.95	8.95
1977	10	15.4	8.3	0	32.8	11.85	6.85
1977	11	9.6	3.8	7	46.6	6.7	1.7
1977	12	8.9	3.9	2	67.8	6.4	1.4
1978	1	6.2	0.7	11	68.2	3.45	0
1978	2	5.5	0.4	15	45.6	2.95	0
1978	3	10.8	3.3	3	52.3	7.05	2.05
1978	4	10.2	3.3	5	45.2	6.75	1.75
1978	5	17	7.1	0	48.5	12.05	7.05
1978	6	19.1	9.6	0	39.9	14.35	9.35
1978	7	20	11.5	0	82.4	15.75	10.75
1978	8	20.2	11.4	0	32.6	15.8	10.8
1978	9	19.1	10.6	0	24.4	14.85	9.85
1978	10	16.2	8.1	0	5.4	12.15	7.15
1978	11	11.6	5.5	5	22.8	8.55	3.55
1978	12	7.1	2.2	12	109.5	4.65	0
1979	1	3.2	-3.1	23	56.8	0.05	0
1979	2	3.8	-0.9	18	56.2	1.45	0
1979	3	8.4	2.1	2	110.3	5.25	0.25
1979	4	12.3	4.8	3	38.9	8.55	3.55
1979	5	15.2	6.8	2	124.8	11	6
1979	6	19	10.7	0	43.6	14.85	9.85
1979	7	22.5	13	0	16.6	17.75	12.75
1979	8	20.3	11.7	0	60.8	16	11
1979	9	18.6	9.6	0	17	14.1	9.1
1979	10	15.5	8	0	59.8	11.75	6.75
1979	11	10.5	3.9	4	39.4	7.2	2.2
1979	12	8.9	3.8	3	127.7	6.35	1.35
1980	1	5.3	-0.3	15	36.7	2.5	0
1980	2	9.5	3.2	5	39.8	6.35	1.35
1980	3	8.5	2.3	7	69.8	5.4	0.4
1980	4	13.7	4.9	0	14.1	9.3	4.3
1980	5	16.6	6.3	1	35.5	11.45	6.45
1980	6	19	10.7	0	89.4	14.85	9.85
1980	7	19.7	11.2	0	59.5	15.45	10.45
1980	8	21.2	12.8	0	63.6	17	12
1980	9	19.2	12.2	0	65.6	15.7	10.7
1980	10	13	6	0	84.9	9.5	4.5
1980	11	9.1	4.4	3	42.5	6.75	1.75
1980	12	8.5	2.9	7	32.9	5.7	0.7
1981	1	7.3	2.4	8	39.2	4.85	0
1981	2	6.2	0.2	15	20.9	3.2	0
1981	3	11.1	6.4	0	129.7	8.75	3.75
1981	4	12	4.4	2	43.9	8.2	3.2
1981	5	15.7	8.2	0	87.7	11.95	6.95
1981	6	18.1	10.4	0	26.1	14.25	9.25
1981	7	21.3	12.3	0	34	16.8	11.8
1981	8	22.2	12.7	0	38.8	17.45	12.45
1981	9	19.8	11	0	92.5	15.4	10.4
1981	10	12.3	5.7	1	64.7	9	4
1981	11	10.8	4.9	2	31.4	7.85	2.85
1981	12	3.6	-2	18	74	0.8	0
1982	1	5.5	-0.1	13	57.2	2.7	0
1982	2	7.9	2.7	5	32	5.3	0.3
1982	3	10.3	2.9	2	96.2	6.6	1.6
1982	4	13.8	4.9	0	27.4	9.35	4.35
1982	5	17.5	7.2	1	35.9	12.35	7.35
1982	6	21.3	12.7	0	69.4	17	12
1982	7	22	12.8	0	23.5	17.4	12.4
1982	8	21.2	12.9	0	37.9	17.05	12.05
1982	9	20.1	10.6	0	51.9	15.35	10.35
1982	10	13.6	7.8	0	83.4	10.7	5.7
1982	11	10.8	6.1	4	77.3	8.45	3.45
1982	12	7.7	1.9	9	62.4	4.8	0
1983	1	9.8	4.7	2	45.7	7.25	2.25
1983	2	4.8	-0.7	17	23.8	2.05	0
1983	3	10.3	3.3	4	42.5	6.8	1.8
1983	4	11.8	3.7	2	89.5	7.75	2.75
1983	5	14.8	7.8	0	106.3	11.3	6.3
1983	6	19.6	11	0	19.4	15.3	10.3
1983	7	26.8	15.4	0	21.7	21.1	16.1
1983	8	23.5	13.3	0	24	18.4	13.4
1983	9	18	11.1	0	59.4	14.55	9.55
1983	10	14.3	7.7	1	53	11	6
1983	11	10.4	5.2	6	42.6	7.8	2.8
1983	12	8.7	3.2	8	49.8	5.95	0.95
1984	1	7.5	1.5	7	81.5	4.5	0
1984	2	6.4	1	7	35.4	3.7	0
1984	3	8.2	2.4	1	50.3	5.3	0.3
1984	4	13.9	3.4	5	1.6	8.65	3.65
1984	5	14.5	6	0	72	10.25	5.25
1984	6	20.8	10.8	0	30	15.8	10.8
1984	7	23.9	12.2	0	13.6	18.05	13.05
1984	8	23.6	13.6	0	32.7	18.6	13.6
1984	9	17.9	11.2	0	91.1	14.55	9.55
1984	10	15	8.6	1	54.4	11.8	6.8
1984	11	11.3	6	0	101.6	8.65	3.65
1984	12	8.3	2.7	8	44.5	5.5	0.5
1985	1	3.9	-1.9	22	44.4	1	0
1985	2	5.5	-0.8	15	34.7	2.35	0
1985	3	8.9	1.4	10	36.7	5.15	0.15
1985	4	13.1	5.1	3	32.7	9.1	4.1
1985	5	15.7	7.3	0	80.5	11.5	6.5
1985	6	17.5	9	0	122.5	13.25	8.25
1985	7	21.6	12.7	0	45.8	17.15	12.15
1985	8	19	12.1	0	67	15.55	10.55
1985	9	19.4	11.2	0	19.4	15.3	10.3
1985	10	14.5	7.9	0	29.1	11.2	6.2
1985	11	7.4	1.7	10	41.1	4.55	0
1985	12	9.4	5.1	5	108.1	7.25	2.25
1986	1	6.7	1.1	9	67.3	3.9	0
1986	2	1	-4.1	24	7.3	-1.55	0
1986	3	9.2	2.1	4	58	5.65	0.65
1986	4	10.2	3.1	2	70.4	6.65	1.65
1986	5	15.7	8	0	70.7	11.85	6.85
1986	6	20.6	10.5	0	22.3	15.55	10.55
1986	7	21.5	12.8	0	37.1	17.15	12.15
1986	8	18.4	11	0	114.3	14.7	9.7
1986	9	16.6	7.5	0	39	12.05	7.05
1986	10	15.3	7.8	0	75.1	11.55	6.55
1986	11	11.4	5.4	0	78.4	8.4	3.4
1986	12	9.2	3.8	1	64.2	6.5	1.5
1987	1	3	-1.4	20	9.9	0.8	0
1987	2	7.1	1	13	34	4.05	0
1987	3	8.2	1.5	13	53.9	4.85	0
1987	4	15.2	6.6	0	51.4	10.9	5.9
1987	5	15.2	6.5	0	48.7	10.85	5.85
1987	6	17.8	10.4	0	86	14.1	9.1
1987	7	21.2	12.7	0	29.3	16.95	11.95
1987	8	21	12.5	0	34	16.75	11.75
1987	9	18.6	10.9	0	25.4	14.75	9.75
1987	10	14	6.7	1	138.8	10.35	5.35
1987	11	9	4.3	2	58.2	6.65	1.65
1987	12	8	3.7	7	26	5.85	0.85
1988	1	8.1	3.3	4	100	5.7	0.7
1988	2	8.1	2.3	5	33.8	5.2	0.2
1988	3	10.2	3.8	4	59.1	7	2
1988	4	12.6	4.6	3	30.2	8.6	3.6
1988	5	17.1	7.8	0	32	12.45	7.45
1988	6	18.7	10.3	0	59.6	14.5	9.5
1988	7	18.9	11.6	0	96.5	15.25	10.25
1988	8	20.4	11.9	0	38.8	16.15	11.15
1988	9	17.9	10.4	0	39.6	14.15	9.15
1988	10	14.5	8	2	38.6	11.25	6.25
1988	11	9.1	1.6	15	29.5	5.35	0.35
1988	12	10.1	5.4	0	13.4	7.75	2.75
1989	1	9.1	3.6	5	33.4	6.35	1.35
1989	2	9.9	3	4	55.1	6.45	1.45
1989	3	12	4.6	1	47	8.3	3.3
1989	4	11	3.6	1	63.8	7.3	2.3
1989	5	19.7	8.6	0	29.2	14.15	9.15
1989	6	20.8	10.5	0	45.9	15.65	10.65
1989	7	24.9	14	0	29.4	19.45	14.45
1989	8	23.4	12.4	0	43.3	17.9	12.9
1989	9	19.9	11.9	0	23.8	15.9	10.9
1989	10	15.9	8.9	0	53.9	12.4	7.4
1989	11	9.8	3.2	7	32.5	6.5	1.5
1989	12	8.2	3.3	4	141.5	5.75	0.75
1990	1	10	4.5	1	75	7.25	2.25
1990	2	11.3	5.3	0	94.2	8.3	3.3
1990	3	12.7	5	2	18.4	8.85	3.85
1990	4	13.7	3.3	5	20.4	8.5	3.5
1990	5	19.2	7.8	0	8.7	13.5	8.5
1990	6	18.2	10.7	0	48.8	14.45	9.45
1990	7	23.8	12.2	0	17.7	18	13
1990	8	24.7	14	0	26.5	19.35	14.35
1990	9	18.7	9.4	0	41.1	14.05	9.05
1990	10	15.8	9.3	0	45.9	12.55	7.55
1990	11	9.8	4.3	1	20	7.05	2.05
1990	12	6.9	1.7	10	56.3	4.3	0
1991	1	6.4	1.2	8	60.9	3.8	0
1991	2	4.7	-1.6	18	20.5	1.55	0
1991	3	11.5	5.1	2	46.1	8.3	3.3
1991	4	12.2	4.6	1	56.3	8.4	3.4
1991	5	15.3	7.4	0	8.6	11.35	6.35
1991	6	16.8	9	0	74.8	12.9	7.9
1991	7	22.2	13.7	0	92.8	17.95	12.95
1991	8	23.2	13.3	0	11.6	18.25	13.25
1991	9	20.2	10.6	0	42.9	15.4	10.4
1991	10	13.4	7.3	0	34.2	10.35	5.35
1991	11	9.9	4.5	2	62.2	7.2	2.2
1991	12	7	1.6	11	15.9	4.3	0
1992	1	5.9	1.5	12	30.4	3.7	0
1992	2	8.9	2.1	8	22	5.5	0.5
1992	3	11	4.8	1	47.7	7.9	2.9
1992	4	13.2	5.6	2	57.7	9.4	4.4
1992	5	19.7	9.1	0	62.2	14.4	9.4
1992	6	21.4	11.7	0	43.4	16.55	11.55
1992	7	21.1	13.5	0	70.1	17.3	12.3
1992	8	20.3	12.8	0	108.9	16.55	11.55
1992	9	17.6	10.8	0	106.9	14.2	9.2
1992	10	11.2	5.2	2	75.7	8.2	3.2
1992	11	10.9	4.7	0	119.9	7.8	2.8
1992	12	6.4	1.3	11	50.7	3.85	0
1993	1	9.6	3.5	5	82.4	6.55	1.55
1993	2	7.1	2.4	4	7.1	4.75	0
1993	3	11	3.9	3	32.7	7.45	2.45
1993	4	13.2	6.6	0	69.2	9.9	4.9
1993	5	16.6	8	0	56.6	12.3	7.3
1993	6	20.7	11.5	0	40.1	16.1	11.1
1993	7	20.8	12.3	0	51.3	16.55	11.55
1993	8	20.5	11.1	0	26.7	15.8	10.8
1993	9	16.7	9.3	0	96.1	13	8
1993	10	11.9	6	3	112.4	8.95	3.95
1993	11	8	2.6	8	51	5.3	0.3
1993	12	8.7	3.4	4	98	6.05	1.05
1994	1	8.5	3.3	2	82.2	5.9	0.9
1994	2	6.7	1.3	8	62.4	4	0
1994	3	11.7	5.3	0	41.9	8.5	3.5
1994	4	12.5	5.1	0	52	8.8	3.8
1994	5	15.3	7.6	0	84.5	11.45	6.45
1994	6	20.6	11	0	13.5	15.8	10.8
1994	7	24.8	13.8	0	54.2	19.3	14.3
1994	8	21.1	13	0	52.5	17.05	12.05
1994	9	16.6	10.4	0	62.6	13.5	8.5
1994	10	14.1	6.9	0	67.4	10.5	5.5
1994	11	12.7	8.4	0	55.7	10.55	5.55
1994	12	9.6	3.9	5	74.6	6.75	1.75
1995	1	8.5	2.2	7	116.3	5.35	0.35
1995	2	10.4	4.4	1	66	7.4	2.4
1995	3	10.5	2	6	49.3	6.25	1.25
1995	4	14.3	5.4	3	18.9	9.85	4.85
1995	5	17.8	7.8	0	54.1	12.8	7.8
1995	6	20	10.4	0	6.6	15.2	10.2
1995	7	25.1	13.9	0	37.8	19.5	14.5
1995	8	26.4	13.9	0	4.4	20.15	15.15
1995	9	18.3	10.3	0	98.8	14.3	9.3
1995	10	17.3	10.3	0	33.2	13.8	8.8
1995	11	11.3	5.2	5	98.2	8.25	3.25
1995	12	4.6	0.2	15	99.8	2.4	0
1996	1	6.6	3.1	7	35.5	4.85	0
1996	2	6.2	-0.1	17	60.8	3.05	0
1996	3	8.4	1.8	9	27.1	5.1	0.1
1996	4	13.8	4.8	5	49.3	9.3	4.3
1996	5	14.1	5.6	1	35.7	9.85	4.85
1996	6	21.2	10.2	0	23.7	15.7	10.7
1996	7	23.3	12.7	0	25.5	18	13
1996	8	22.4	12.5	0	53.1	17.45	12.45
1996	9	18.4	10.3	0	16.1	14.35	9.35
1996	10	15.8	8.6	0	33	12.2	7.2
1996	11	9.6	2.9	10	81.6	6.25	1.25
1996	12	5.5	0.9	13	16.2	3.2	0
1997	1	5.1	-0.2	16	11.9	2.45	0
1997	2	10.4	4.2	3	76.5	7.3	2.3
1997	3	13.3	5.5	0	7.2	9.4	4.4
1997	4	14.5	4.9	2	17.5	9.7	4.7
1997	5	17.4	7.4	1	61.2	12.4	7.4
1997	6	18.9	11.3	0	66.7	15.1	10.1
1997	7	22.8	12.9	0	25.4	17.85	12.85
1997	8	24.9	15.7	0	104.2	20.3	15.3
1997	9	19.7	10.7	0	18.5	15.2	10.2
1997	10	14.9	6.6	6	57.2	10.75	5.75
1997	11	11.7	6.1	1	94.6	8.9	3.9
1997	12	9	3.6	6	58.7	6.3	1.3
1998	1	8.3	2.9	9	60	5.6	0.6
1998	2	11.5	4.1	4	8.7	7.8	2.8
1998	3	11.8	5.4	1	57.4	8.6	3.6
1998	4	11.9	5.1	1	107.7	8.5	3.5
1998	5	18.7	9.1	0	20.9	13.9	8.9
1998	6	19.1	11.5	0	75.9	15.3	10.3
1998	7	21	12.4	0	29.5	16.7	11.7
1998	8	22.4	11.9	0	26.8	17.15	12.15
1998	9	19.6	11.8	0	119.4	15.7	10.7
1998	10	14.4	8.2	0	116.4	11.3	6.3
1998	11	9.3	2.2	7	69.9	5.75	0.75
1998	12	9.4	3.2	8	72.7	6.3	1.3
1999	1	9	3.4	4	91.9	6.2	1.2
1999	2	8.6	2.9	5	32.9	5.75	0.75
1999	3	11.6	4.8	1	28.8	8.2	3.2
1999	4	14.3	6.1	2	57.6	10.2	5.2
1999	5	18.2	9.7	0	50.9	13.95	8.95
1999	6	19.7	10.1	0	65.3	14.9	9.9
1999	7	24.2	13.3	0	7.2	18.75	13.75
1999	8	21.6	12.9	0	98.3	17.25	12.25
1999	9	20.8	12.4	0	102.1	16.6	11.6
1999	10	15.1	7.1	0	70.8	11.1	6.1
1999	11	10.8	5.3	0	41.1	8.05	3.05
1999	12	8.3	1.7	9	89.8	5	0
2000	1	8.1	2	9	19.8	5.05	0.05
2000	2	10.2	3.8	3	78.3	7	2
2000	3	11.7	4.2	2	11.9	7.95	2.95
2000	4	12.4	4.8	2	137.2	8.6	3.6
2000	5	17.2	8.6	0	67.7	12.9	7.9
2000	6	20.5	12.2	0	19.4	16.35	11.35
2000	7	20.8	12.3	0	28.5	16.55	11.55
2000	8	22.7	13.3	0	58.3	18	13
2000	9	19.2	12.1	0	87.2	15.65	10.65
2000	10	14.3	8.2	0	119.5	11.25	6.25
2000	11	10.6	4.8	0	99.1	7.7	2.7
2000	12	8.6	4.2	7	99.8	6.4	1.4
2001	1	6.4	1.2	13	57.4	3.8	0
2001	2	8.8	2	10	68.6	5.4	0.4
2001	3	9	3.1	5	75.1	6.05	1.05
2001	4	12.9	4.8	0	72.7	8.85	3.85
2001	5	18.5	7.9	0	35.5	13.2	8.2
2001	6	20.7	10.6	0	23.1	15.65	10.65
2001	7	23.4	13.4	0	57.2	18.4	13.4
2001	8	22.7	12.9	0	92	17.8	12.8
2001	9	17.9	10.5	0	35	14.2	9.2
2001	10	17	11.1	0	92.4	14.05	9.05
2001	11	11.2	3.9	5	38.5	7.55	2.55
2001	12	6.8	0.2	17	29.5	3.5	0
2002	1	9.2	3.4	5	57.4	6.3	1.3
2002	2	11.1	4.4	3	70.9	7.75	2.75
2002	3	12.4	4.6	3	33	8.5	3.5
2002	4	15.2	5.2	0	43	10.2	5.2
2002	5	16.8	8.4	0	58.3	12.6	7.6
2002	6	20	10.3	0	42.4	15.15	10.15
2002	7	22.1	12	0	89.6	17.05	12.05
2002	8	22.8	12.9	0	53.2	17.85	12.85
2002	9	19.7	10	0	24.8	14.85	9.85
2002	10	14.8	7.1	1	109.4	10.95	5.95
2002	11	11.8	6.4	0	133.4	9.1	4.1
2002	12	8.9	4.1	4	98.1	6.5	1.5
2003	1	7.6	1.8	11	81.4	4.7	0
2003	2	8.4	0.6	15	17.3	4.5	0
2003	3	13.3	2.7	8	25.2	8	3
2003	4	15.3	4.6	5	36.8	9.95	4.95
2003	5	17.5	8.1	0	48.1	12.8	7.8
2003	6	22.4	11.8	0	55.5	17.1	12.1
2003	7	23.7	13.4	0	53.8	18.55	13.55
2003	8	25.5	13.5	0	3	19.5	14.5
2003	9	21.3	8.1	0	17.4	14.7	9.7
2003	10	14	3.9	5	31.7	8.95	3.95
2003	11	12	5.7	1	89.6	8.85	3.85
2003	12	8.7	1.8	10	70.7	5.25	0.25
2004	1	8.8	2.7	9	66.1	5.75	0.75
2004	2	8.7	2.9	11	25.5	5.8	0.8
2004	3	10.9	3.4	2	51.8	7.15	2.15
2004	4	14.7	6.2	0	68.8	10.45	5.45
2004	5	18	8.6	0	41.1	13.3	8.3
2004	6	21.8	12	0	23.8	16.9	11.9
2004	7	22	12.2	0	83.1	17.1	12.1
2004	8	23.4	14.2	0	135	18.8	13.8
2004	9	20.1	11.7	0	28.9	15.9	10.9
2004	10	14.7	8.6	0	131.4	11.65	6.65
2004	11	10.9	5.8	1	34.2	8.35	3.35
2004	12	8.6	2.8	6	37.7	5.7	0.7
2005	1	9.4	3.8	2	18.2	6.6	1.6
2005	2	7.3	2.1	10	20	4.7	0
2005	3	11.2	4.7	6	44.5	7.95	2.95
2005	4	14.3	5.7	1	50.2	10	5
2005	5	17.2	7.6	0	31.5	12.4	7.4
2005	6	21.6	12	0	93.4	16.8	11.8
2005	7	22.3	13.4	0	34.9	17.85	12.85
2005	8	23.1	12.2	0	31.3	17.65	12.65
2005	9	20.9	11.9	0	38.5	16.4	11.4
2005	10	17.1	10.9	0	53.4	14	9
