xv	ys
90.77212	51.75918
16.11536	28.95312
31.1235	35.50002
39.79581	32.69104
48.82297	40.50366
78.17519	56.5843
29.97319	31.87137
61.66741	46.30729
55.47211	44.09255
8.93557	30.02324
73.36877	46.05974
60.94679	42.96545
30.12837	41.13832
63.49312	41.89534
69.4257	45.94758
33.65231	30.78103
60.49952	45.73121
89.56325	47.64866
37.79412	36.71042
55.99477	41.87292
0.1413198	26.84904
71.25819	49.54433
1.223218	27.91121
81.51914	45.5246
3.874102	23.16908
73.32387	49.9086
45.66414	40.22269
67.81447	45.13829
93.4453	56.401
3.16926	24.71206
46.40063	42.71837
34.40727	29.83873
4.860776	21.22408
52.615	39.12579
13.86071	30.9851
89.67519	50.49969
55.02998	40.27002
21.1138	31.83822
44.26442	38.66342
58.57412	43.15105
95.0795	50.40798
9.10939	26.93371
88.94967	52.68181
13.98662	29.29317
64.55277	44.046
42.33967	34.63249
50.44069	31.79641
66.32086	43.8787
78.7988	44.83925
33.02075	38.10411
32.8913	42.3402
83.16962	50.23783
61.49388	42.05323
6.272553	23.43612
58.0733	41.85744
47.57547	36.55812
26.70958	32.7664
96.97189	55.61026
52.713	32.01379
20.33603	24.97123
19.89503	26.94684
72.7339	40.16191
71.71202	44.47413
18.63857	31.49162
44.52088	34.67134
15.52144	31.82309
25.4598	31.24872
69.33804	49.22922
85.16207	51.44065
6.033774	24.55949
66.86249	43.54302
42.90409	35.93361
72.42627	45.07223
45.17913	34.16737
57.16254	44.17104
56.66865	44.34583
19.17482	28.42308
67.31819	47.46691
92.94657	54.34426
38.05714	37.62358
8.076713	34.5121
2.628109	26.51137
83.2709	46.1902
77.27084	48.24958
69.77994	46.26103
41.11539	39.87661
78.09971	48.07093
2.263955	33.63378
93.4694	57.82997
82.34963	48.70141
2.576484	23.75314
73.86135	46.39165
25.76554	29.80529
97.67732	57.2381
57.83722	45.1488
4.443484	24.45441
93.94787	53.29426
47.41257	40.03944
80.14195	47.81423
50.54338	41.71411
6.35424	26.93594
11.76942	33.52973
81.1503	55.8817
58.01215	43.53502
62.67445	48.56582
94.29133	51.87432
45.16976	39.88304
80.90371	53.92917
13.74151	28.42013
33.42162	34.34907
34.62778	34.38359
76.88236	48.33128
10.79456	24.12299
95.60855	51.20933
69.73568	51.42456
94.33734	49.79154
13.50388	27.05863
27.70459	32.88198
84.52742	46.62424
86.37302	48.00829
57.35431	43.84481
46.75617	40.58739
1.379824	28.31825
90.49764	58.72105
72.19773	43.85352
16.76677	28.27018
75.93843	45.92699
1.819939	23.00658
8.022969	28.1655
42.93163	32.68443
93.25565	53.18326
39.83588	38.57357
26.59674	28.35451
37.29753	38.45196
47.52046	36.87566
75.1744	49.62016
0.2596583	26.45004
99.78076	54.94169
91.91183	56.61093
94.28425	54.82494
57.24339	43.06431
79.55355	44.47037
21.98353	26.9668
90.73267	50.99645
0.8269232	23.94448
20.07521	36.78514
3.085331	23.20261
1.640238	29.24154
86.41892	48.29227
4.090842	26.44928
73.14632	41.92012
35.69761	36.06232
26.79294	28.37727
34.33314	30.54773
21.35976	28.63378
71.27702	55.49952
98.247	52.58674
69.61504	48.45984
94.51118	55.66456
87.91199	53.79432
8.554812	34.18967
31.94292	32.06259
28.86104	39.41378
69.44575	50.99077
34.72403	34.0659
33.83673	32.47591
26.67848	31.69139
92.48548	53.9745
37.57963	36.35658
34.73635	36.45029
63.43339	39.15678
72.98123	45.19347
0.7966615	27.1918
62.91113	36.55756
49.27984	40.6798
89.67982	50.21369
2.339266	28.48216
62.8877	39.66642
74.30772	47.39453
95.05759	54.52471
22.58763	32.85686
25.1262	33.36349
94.1664	55.63503
98.3644	55.86413
84.1042	53.2746
59.7063	40.01256
19.66474	31.42045
52.99597	35.85099
27.1129	31.58384
17.36868	32.86745
67.40848	41.79986
26.14429	24.96309
18.37156	27.18373
29.84677	37.16578
86.01044	55.52468
33.54098	33.76612
32.65353	35.78712
54.17066	42.55848
31.76129	40.57794
98.12208	56.83628
71.62579	48.55815
32.29905	38.04823
29.06927	35.2395
28.15984	29.40033
92.69007	52.28714
9.365453	26.58427
35.36695	35.98481
42.85631	36.1548
37.07244	37.95401
98.05642	52.47677
23.48097	33.94497
25.99771	34.29973
87.11752	47.10963
16.40208	31.10617
79.94823	51.84907
59.03252	39.68543
8.86732	29.72042
34.09096	40.85095
26.62382	35.0611
80.25504	45.1789
19.83797	28.78725
60.90953	41.95997
7.737775	28.64639
17.87545	26.74686
72.95465	46.67909
30.12102	33.56273
54.6635	40.02604
13.5225	31.11717
69.04751	44.66329
63.84137	39.67979
82.96889	48.76233
99.2091	55.23515
75.90073	47.32251
21.09738	24.32935
10.52075	25.52038
66.2493	41.30685
87.07296	53.66759
82.95092	51.23893
87.40985	50.77603
73.25916	44.72536
99.2867	55.46972
15.68673	29.69594
6.031937	23.62967
38.11955	34.03005
10.49621	30.12082
92.56361	47.28846
67.04201	45.02451
37.40342	36.84163
63.77918	43.42958
51.72261	37.80747
44.11144	37.21612
82.63942	48.86614
90.514	45.61422
5.029196	21.90413
68.10348	42.71992
49.40476	37.1276
83.54386	51.55479
47.94333	43.50869
56.57284	37.71517
75.3108	44.04632
16.30101	25.30929
55.85087	44.84207
46.04219	33.78076
73.55403	50.44015
82.92565	46.37154
90.74304	52.60198
99.31368	51.99116
92.62888	52.69141
56.80318	37.15995
79.78273	49.10243
77.67198	50.77218
34.04731	34.72216
21.87909	28.98806
66.48732	42.50404
31.67054	33.07992
98.82756	56.09468
94.71505	50.50494
1.910308	23.23577
39.13322	36.12654
45.72816	35.71517
75.29085	48.03015
91.16646	53.17234
61.09308	41.48833
62.2207	41.64714
31.36638	34.84069
93.80196	55.78558
35.46188	35.49397
12.63955	28.14598
55.489	42.69888
35.52258	36.76343
65.77271	42.88374
9.92675	26.33946
87.88902	47.23332
55.36595	38.14748
54.48521	42.11672
79.39783	53.89003
80.75142	51.08925
37.74076	37.61934
77.68413	50.04663
8.813502	28.92884
34.66414	35.05181
36.23513	36.19491
71.4882	42.84872
43.81382	35.99806
74.00274	48.12328
35.53707	35.63925
25.79219	34.70895
27.58666	36.35315
29.46685	35.25109
97.45893	53.70855
6.300958	21.05131
40.32825	40.69932
0.03192024	29.30738
44.55709	38.52837
1.523862	28.30415
2.413508	31.23578
51.87585	42.07031
9.209952	29.5606
25.38269	33.59486
53.24676	35.63181
55.07045	39.77066
59.68833	46.9682
83.77343	42.56442
5.786227	28.26951
71.92039	44.61382
38.44157	35.20612
88.65514	50.25814
85.07382	52.05973
51.66195	40.54126
4.805643	33.25859
48.26196	39.25969
74.42197	45.29501
58.88925	42.80979
97.31837	55.28682
13.77029	26.45219
94.38998	53.88098
77.11049	43.82229
18.58059	32.37903
29.43173	35.30062
38.73585	36.80314
64.86185	42.25605
68.06191	49.26981
67.29513	42.89457
8.793047	26.33232
61.53004	44.92962
30.52198	33.58428
6.550581	28.8741
88.8291	52.956
72.45668	50.91104
93.03762	52.36864
98.80798	56.71693
66.98566	44.72825
90.81199	50.21199
0.1896715	29.03212
91.86352	54.87716
50.42325	36.18809
4.723051	27.1031
63.47731	48.77867
81.12104	47.50271
78.21824	45.60284
92.94702	56.70206
21.21514	29.85007
43.66525	39.58188
27.41723	32.64133
35.44186	37.79989
30.30405	36.05824
85.88328	49.75789
51.86266	40.42123
82.3647	53.62478
23.84768	30.36344
86.71772	53.4035
25.2828	31.8968
93.633	53.38533
56.09946	45.15897
83.28167	46.21015
77.13521	45.72783
35.45618	38.36605
49.11908	47.19821
28.29209	30.89039
43.05852	36.10296
71.77618	48.38244
68.4153	46.48373
6.50209	30.00139
40.22277	35.25367
47.8079	44.67661
58.5041	45.26189
65.40127	46.11509
94.24822	51.02222
73.72505	41.81692
57.92255	40.19132
38.51066	40.88547
94.83488	51.76925
29.44753	38.33972
82.3041	51.75864
65.1046	39.69566
56.47112	38.68754
0.3945387	21.94127
88.1601	51.98601
24.70561	29.97164
33.76388	39.70766
50.8239	38.5116
80.55362	46.79166
54.2158	35.68611
33.00106	37.99908
23.38877	36.07271
90.2141	52.80225
10.60813	22.2472
29.97989	31.24863
14.83769	28.64515
14.84819	26.37657
66.77141	43.98539
42.92022	39.89134
78.81641	45.13797
96.67291	51.20678
94.63575	49.45779
56.74659	40.50629
37.44478	35.5167
78.34025	50.53065
87.6924	51.15579
2.839887	25.0398
55.79008	42.97432
86.93279	54.42541
31.2629	33.05203
1.666087	26.39817
17.48606	31.44521
67.27113	45.081
54.85594	42.76625
32.1536	34.61283
90.0228	54.23674
26.385	31.17427
26.46477	40.48957
32.05072	33.97139
33.5948	36.0279
18.95727	28.65822
40.85912	40.49881
56.13108	42.39379
68.74635	45.0113
61.74461	47.13849
24.7347	30.57597
81.77651	55.8034
36.3264	38.27594
52.47204	43.15705
33.16069	35.10518
52.76052	44.14059
48.08642	38.29613
60.40021	45.43808
70.76134	48.71535
4.746915	29.57236
39.83937	36.39363
24.0188	28.21317
98.71592	53.17051
57.11086	37.87679
28.53344	32.58011
39.19912	38.24101
95.57614	48.74068
0.7610972	26.48558
53.74028	37.9747
93.03158	48.5511
18.61612	30.66986
36.51278	33.33385
30.99691	29.2735
14.25933	27.28196
28.04845	36.39127
45.2908	38.61039
47.14637	45.52699
20.43847	27.9672
69.37164	46.3741
10.95252	23.09392
70.46987	43.59316
26.38015	30.61146
38.96407	36.62339
5.561997	26.8289
88.40223	50.27124
6.00428	26.0956
7.345223	28.59452
6.141911	25.12876
15.45973	27.93045
23.40886	31.5811
0.8989036	27.99491
61.58435	45.41199
78.8452	45.00621
16.89366	26.6323
86.44203	49.97879
87.61163	54.34447
27.78788	32.48734
14.79867	30.85979
40.64632	37.48866
10.55396	28.0586
56.07587	39.60046
1.837277	22.35276
97.92376	57.08056
25.17436	35.11523
31.18821	31.16771
95.34359	51.18233
18.58393	31.39549
8.995822	32.40359
80.30037	48.19514
1.344207	25.43346
23.59467	37.07387
24.37552	29.36098
89.3108	52.90387
71.24936	46.78125
11.88237	31.25198
9.308568	29.264
67.29784	38.00771
89.71087	53.8112
57.00708	40.15752
43.00879	39.15032
27.53353	29.09598
16.22855	32.61566
63.99266	43.82396
54.08141	43.56687
6.650856	25.69629
70.75279	50.88403
11.31224	28.08509
86.65678	50.2273
73.65212	43.97076
92.90815	57.68936
40.86416	36.90251
13.92306	27.98409
39.35589	35.4664
13.89073	28.72537
36.85926	37.61345
31.30243	29.7751
34.87496	40.9174
96.10575	56.2895
19.7992	32.88149
44.11189	34.86219
97.9835	54.85661
88.8094	52.28763
46.26407	41.96273
42.33984	41.23118
87.53023	56.50519
56.97105	41.74866
12.43035	30.47843
9.266069	28.57564
78.4322	52.40694
60.40885	44.53384
43.87391	40.11232
2.854395	23.06183
78.53406	44.724
24.76878	29.01044
34.61602	37.45893
88.73945	53.8148
22.42586	28.59535
47.79169	39.01925
89.0853	52.37508
97.34271	53.07329
82.1229	46.80925
49.92698	41.21505
61.23964	37.86029
34.15393	32.97915
15.6022	31.52961
22.34373	29.01716
1.890515	25.49578
14.60691	29.22282
13.58039	25.793
87.56382	53.31502
73.37773	46.44546
71.79125	46.11987
26.10556	31.5268
70.68051	39.96539
13.34266	29.2923
0.9261676	22.61689
45.65199	33.9692
8.137736	23.06081
75.7138	53.14419
70.7806	48.00325
91.13954	50.38214
93.24737	51.99487
0.7771826	26.06677
75.65167	53.96645
33.39828	34.52368
72.52372	41.28048
90.76202	52.52617
1.699549	27.15913
85.02711	55.28317
97.91982	54.33674
93.48916	51.49224
95.01643	56.34453
16.32274	28.16505
60.20912	41.10697
23.08916	33.97057
25.69826	32.99694
74.01917	47.67012
57.63205	41.63615
51.35994	36.22485
2.114699	27.46961
15.12774	27.67982
16.20079	27.35109
97.11136	55.32647
73.34182	46.7239
93.89009	56.45329
38.01328	39.11351
95.56407	51.32227
16.82327	28.97058
32.75221	34.68291
66.54072	43.29531
96.65733	54.62822
80.21971	51.9257
91.74516	50.91295
53.25778	37.30605
31.64297	36.76969
65.05069	43.6158
20.22726	30.62487
80.48935	50.07877
43.41891	45.73423
26.61038	35.86029
42.18105	39.56503
26.36088	34.76763
64.4795	41.0129
78.81082	48.98962
20.60323	32.1692
82.31433	48.65836
39.55929	38.52411
91.3368	53.82143
66.72853	40.52572
71.28053	52.90719
94.18416	55.34037
6.286474	25.97714
87.53741	48.97599
73.96578	42.48507
70.69087	42.94999
51.05186	40.18557
15.47014	26.87742
83.86783	49.95634
9.259611	28.20408
76.84855	43.91419
99.89826	49.27854
26.18575	38.38718
41.0751	34.06798
59.29376	40.46077
4.335442	28.43367
49.35765	33.60919
41.10377	35.14491
66.3095	47.3948
7.88789	22.6546
17.51123	30.88662
2.835152	20.96974
2.911044	25.02346
71.26063	52.25063
91.92241	52.01646
10.4233	26.46965
1.349113	23.33877
82.76421	55.58379
3.72879	25.89376
35.56566	41.57779
73.48497	51.09105
64.29518	49.00526
61.13306	46.44445
27.39517	33.77261
78.49614	52.74842
14.69703	30.63895
31.73633	30.79344
11.45471	25.85199
46.79117	41.76903
37.94043	35.16919
42.12083	37.13142
97.20173	56.36994
6.570619	26.53493
8.620458	27.23687
87.13968	47.9797
88.65955	52.29594
81.30596	51.4906
84.91473	49.33595
42.20649	42.91274
80.12883	48.45463
7.754426	29.78859
53.98257	42.52926
23.90624	31.68147
4.645114	25.22426
63.34214	49.31927
93.06377	50.50308
58.14051	39.9823
30.84983	34.5491
25.67858	34.19576
63.44156	53.30744
64.16191	44.27344
71.23372	43.21775
21.06939	32.82445
32.07639	32.57555
36.68727	36.17983
39.21529	40.63284
4.671562	26.578
7.850245	27.04923
60.73237	38.98389
79.39345	48.32382
99.6814	55.14057
37.71271	29.38843
95.42748	52.57073
76.19033	52.48878
60.0061	44.03234
11.18062	22.90386
31.52844	32.96682
18.97914	30.05994
34.90211	27.10088
86.57224	48.70755
50.57691	39.84574
27.00044	28.21925
34.2098	35.49818
67.17063	47.49969
43.0213	42.04719
80.5799	43.57349
78.9595	47.51408
33.19826	41.14228
37.87242	35.51325
54.70228	38.45313
2.667264	24.24665
14.86086	28.27393
48.88788	38.29622
52.53389	38.60086
87.69028	52.83279
54.09026	36.16238
8.212239	26.28994
69.01404	44.2938
24.5675	35.89091
27.49187	37.43875
43.65752	33.38652
32.3584	35.48983
87.58051	50.39052
6.799072	24.20064
79.83243	55.05038
74.55283	44.38538
71.56428	46.48617
59.23298	38.28955
87.65105	44.63961
69.02457	50.63075
95.56004	48.97718
66.23144	45.10927
93.09247	54.57179
57.53432	37.9013
74.63236	48.17344
68.08108	44.8025
45.5336	40.02646
43.43521	42.1137
15.9096	27.96672
44.00556	33.69309
82.72185	54.25152
16.23472	30.71778
77.61221	50.02309
31.17399	37.70899
49.38559	40.34357
37.54849	35.02628
38.15607	35.88543
74.66984	42.18436
88.85273	51.14261
45.75127	37.87971
56.94627	39.51584
95.02081	54.57993
41.01516	36.76928
85.57459	53.22808
4.510209	26.69107
0.9882676	27.28409
10.36932	26.43463
33.02348	36.8761
37.03589	35.90256
35.93451	43.38814
82.43256	50.92002
94.50156	59.24787
97.69174	57.24855
84.27163	46.53682
84.98162	52.0171
56.12163	39.23139
97.1835	51.65891
5.856757	18.33571
51.47551	36.87402
1.491593	23.43718
92.435	48.86094
72.69425	44.65868
88.17084	56.77527
8.894904	29.54809
17.03832	34.82991
71.08787	40.14955
74.93172	43.85344
51.60063	42.08338
94.27667	48.7148
95.54067	52.51044
28.21988	36.12464
32.92717	33.23751
16.10626	27.75818
19.61657	32.82028
15.60005	32.99842
22.24649	31.53428
6.793003	22.72443
68.57777	45.30982
14.38377	29.92993
8.484699	22.7938
45.36509	38.55239
4.643268	31.54398
4.385427	26.13009
34.26843	33.49884
45.83848	37.9191
12.98954	23.90914
94.60033	53.20712
20.84002	32.3659
20.71774	33.0515
52.96783	42.52129
8.546467	22.5995
20.84086	34.92859
12.54977	26.74051
14.38552	32.50171
30.79469	38.96745
95.90244	51.92849
6.711224	26.99466
24.10584	31.64917
57.74286	35.94864
89.70571	51.00342
11.3826	31.07175
32.73271	39.11014
37.44124	36.06663
72.56671	47.17196
61.81485	48.418
41.61544	33.68307
62.53242	44.00264
54.75073	45.79641
66.57013	45.45333
2.709834	28.34795
16.47844	28.00884
68.93413	45.15157
45.17052	38.02259
85.0254	47.19547
56.18038	44.77985
79.9267	46.19126
92.77471	49.25178
36.48889	36.89663
10.11382	21.03046
58.95372	44.42092
43.73833	36.77671
32.97629	35.78524
38.64225	33.94346
31.60636	35.26613
32.38436	41.9655
69.43854	39.82399
25.96654	35.18964
85.23532	51.83511
77.6915	48.50123
94.60708	55.22237
54.6052	40.09979
56.57429	40.23911
3.813052	26.7772
77.69107	51.02434
68.40356	41.30074
89.37823	50.4232
76.20735	47.94919
40.34605	34.75967
31.66253	30.05529
34.45378	37.1634
10.2642	28.12283
10.3097	27.53952
39.50617	31.94934
77.07866	43.2874
70.35368	47.33898
19.45708	34.35154
73.86083	41.50976
73.86253	45.68838
40.38092	38.05884
99.18593	54.37063
24.06727	32.94604
67.70205	42.80159
40.76143	35.45723
73.39175	49.6081
56.46457	45.56123
52.98669	38.87894
6.413975	24.99466
15.15387	28.67321
29.11779	35.33657
24.39246	32.17281
93.59766	55.71487
80.66602	51.49259
28.91456	34.355
10.79257	21.19629
58.96818	38.57948
8.955069	26.03102
43.47097	39.69841
36.51199	35.64977
95.9559	53.45686
57.17443	44.73923
36.43292	39.4236
7.418255	28.87469
18.22392	32.65964
93.04611	55.90966
6.517177	25.14508
59.82047	44.37224
30.4922	30.94894
13.07134	30.13254
43.68195	38.5818
1.055925	19.34229
97.55954	54.08715
44.9606	38.80832
24.70053	30.3269
26.00594	35.4792
97.27406	54.65109
70.63152	51.0345
44.83269	41.09803
51.256	40.33107
35.39951	33.73695
22.7029	28.84681
70.31088	48.2711
1.457364	26.20899
1.733925	20.26596
18.41932	30.48632
98.17916	53.16171
19.1692	34.27364
4.890899	26.20723
39.13588	35.33098
42.73727	33.62216
73.52357	49.1296
62.54685	46.32721
6.034961	24.79779
73.91122	44.76785
68.41778	39.02221
9.921338	22.46689
26.30125	37.9495
57.49216	42.05292
16.28695	35.21983
50.54054	42.58982
22.94341	38.4842
14.52602	29.66289
86.65589	55.57564
99.15893	52.47324
94.72915	52.69107
97.6698	50.96673
65.80977	38.88157
1.767044	21.91433
67.56076	43.3687
95.77036	50.62623
25.58616	30.3796
97.4685	54.50356
20.46945	29.10674
86.30553	53.91276
40.57666	35.3694
45.51753	35.91893
65.62365	45.12097
18.86044	32.28138
97.34157	59.3746
32.88448	33.66435
62.68195	44.89716
95.0692	55.82071
94.30306	58.51887
99.28038	57.60564
51.63751	43.34904
8.647568	23.46186
43.93526	41.89934
27.61149	35.11642
63.26899	41.01595
46.69908	41.63325
46.90546	35.15215
14.94338	33.25207
2.496441	22.84907
3.052405	28.69652
36.5883	33.98227
67.09173	45.56625
93.10806	52.7833
94.5724	54.96383
44.05596	35.66524
33.79942	34.35487
50.41871	35.36572
64.02275	43.42436
41.18016	40.56832
26.68168	32.43929
26.18069	31.99302
99.58774	55.56258
82.12785	54.31836
25.86646	28.75774
57.41279	48.83719
94.70347	51.27781
70.78979	44.02689
50.09192	40.14344
93.55673	49.08416
75.51095	42.96972
35.50759	27.12692
57.2623	43.7836
18.10044	28.20525
98.69179	50.28043
61.14152	48.55715
69.05044	48.23979
10.42906	31.62716
40.39286	36.40632
11.37304	24.08037
89.52535	54.68989
21.71603	31.76397
82.80281	49.08333
85.37306	45.71107
25.58093	32.87095
99.04882	56.67112
11.11378	26.46518
57.13999	46.53211
88.4155	52.19085
32.15179	35.27223
26.19269	39.55702
30.31639	29.66052
67.32976	54.4998
68.0358	47.66241
15.10325	29.23669
65.8444	49.38678
31.6624	30.13973
9.912738	31.422
78.85075	46.42045
78.46763	48.74484
42.1632	38.38622
54.15202	43.78855
82.07133	53.46442
38.58339	37.93877
21.4465	32.09203
10.48938	25.86977
89.93662	51.41224
6.386297	22.90431
78.84592	52.84099
45.72015	40.19591
88.7708	54.70544
83.66699	45.90206
86.31956	52.75018
1.014452	34.00821
14.18405	30.41264
61.13289	44.20813
39.77245	38.00518
0.6624283	31.21427
13.04964	31.33115
6.292318	25.82387
23.55428	35.23522
15.07643	33.03162
66.54083	43.45352
76.7656	48.8097
94.58202	54.15661
31.64931	38.21978
55.44027	40.93155
60.50469	43.7472
21.10237	33.11301
46.64883	35.21523
93.88356	56.42966
74.42415	51.87445
48.55208	34.76057
77.36076	46.49345
39.90639	43.62103
84.98659	46.2731
10.55678	28.44613
16.67575	33.515
40.19498	39.66281
14.34955	30.77322
85.44281	51.99629
44.23029	43.14975
17.4215	33.62691
95.9317	53.02362
62.54109	47.90638
57.49703	43.0436
53.27226	43.53044
74.27837	48.35795
48.62632	39.1292
14.14867	30.11899
60.5695	38.12707
60.90674	44.53683
1.565107	28.4203
12.43835	30.87364
94.00805	50.49293
79.26487	44.29292
44.55592	42.81228
18.08511	31.56707
60.13987	41.48865
71.4708	47.97046
70.03911	46.89081
80.13326	53.35201
44.1722	39.62952
19.54998	31.38216
2.180399	25.51476
53.83483	44.63975
41.29421	42.54719
38.38986	34.7362
35.62938	40.39492
0.994043	26.20379
95.51823	49.76706
20.19704	33.88571
74.1467	47.39682
67.48544	43.95703
39.75164	40.19656
32.42724	34.77527
98.17242	53.2193
77.81228	47.5135
95.81614	56.34474
86.71028	52.81788
26.60403	30.86784
93.8136	58.0987
82.24152	51.39663
96.25013	49.24504
75.19208	43.84913
25.21608	28.14905
33.58588	34.47374
57.50902	45.04336
24.36556	28.55993
45.05861	31.59933
45.1305	38.87977
73.36479	44.16534
88.89343	51.50155
95.04024	52.70792
0.9145885	22.3536
67.7524	45.82714
21.01636	35.19791
12.16914	32.83165
72.2271	52.05918
92.56008	53.98711
31.77127	30.23628
22.07571	27.98939
74.30505	45.72452
31.28624	34.21379
55.66831	36.81787
22.28145	29.78863
78.38851	48.94241
38.45435	35.75499
8.55208	29.95236
84.23623	46.75743
9.906732	30.66407
42.9854	42.45099
10.31411	26.14576
44.10017	41.64826
10.56029	26.42142
95.1468	53.29574
46.69252	40.00283
27.44375	33.81879
65.12411	40.92754
47.95051	39.52562
68.33825	42.79119
21.22928	30.90104
4.88931	19.14332
33.88467	35.48465
36.08459	40.73582
8.107422	25.7744
39.9137	43.58882
5.953922	26.95503
89.68949	50.6109
75.71223	45.72005
56.55635	39.87011
32.76921	31.66739
24.85179	31.65873
60.64757	43.62864
38.43443	35.8663
14.92055	32.83992
94.85253	58.77937
86.28915	51.79913
94.58116	48.60579
76.0839	44.79779
64.03719	43.47901
83.46305	49.5467
78.11237	53.92849
58.78732	44.5173
43.13647	35.85574
26.64372	35.48125
92.84362	50.53765
23.35974	36.11708
40.71138	35.24513
24.88161	33.49725
36.24686	36.9391
7.103488	22.40598
36.20333	39.52214
38.3338	34.67302
9.832187	29.5129
14.41172	30.70928
43.46762	36.41998
71.6219	48.89882
35.13523	37.18799
93.94939	51.19673
68.88502	39.98947
74.6668	44.60689
76.25624	46.31941
79.99568	49.57217
84.1591	49.05211
63.87272	46.775
74.80128	49.25819
61.72179	40.11323
60.15628	44.03204
58.72246	46.19154
24.05614	33.67111
69.97463	46.13348
3.645875	25.24046
3.240414	18.94231
54.65959	39.08195
32.74901	35.55042
90.30668	49.86207
63.24092	43.60153
52.06441	43.64275
68.69176	47.04808
68.99836	42.1316
27.35761	29.84919
37.54268	35.89224
96.4244	53.42393
33.19852	35.13069
47.21742	42.3763
68.93761	39.18056
51.24654	43.68798
77.41105	54.64949
74.87103	47.7919
41.03488	35.92601
39.80624	39.3152
37.72901	41.28834
12.80962	31.56902
80.83347	50.73608
85.89987	52.37882
23.87139	28.30719
68.61594	48.76714
60.76045	41.41439
43.0121	33.8306
49.85679	40.10495
46.07172	40.77993
86.80922	48.45452
79.57094	41.9131
0.3598613	22.78993
17.03264	25.22801
48.85067	40.30456
26.62219	29.51432
43.23415	34.12413
87.21662	52.2472
22.20751	30.4855
16.52617	34.91869
61.13637	39.83418
57.77314	40.60028
61.67186	36.70989
20.35667	31.04451
55.92328	43.87673
10.15595	25.96104
14.8412	34.28687
10.95329	29.75559
52.53672	43.2859
25.62623	31.65115
15.75652	29.6765
56.42386	41.32517
63.80745	44.5317
4.304829	25.5517
79.71686	49.79076
66.24948	46.64721
4.541798	29.99513
4.334923	23.0825
96.02013	54.22865
1.011927	23.81358
65.42836	37.71128
49.25428	39.80575
53.37036	38.44701
27.27379	34.58741
29.31773	34.71804
14.53316	26.85064
69.10269	45.72669
93.14847	45.80622
27.18646	35.06246
60.81971	41.51545
62.25009	44.76184
12.74571	32.87847
8.648203	30.11402
27.75039	35.84916
98.00576	55.00549
82.51097	44.0887
35.26301	33.20937
94.77466	54.28228
54.11002	38.62511
76.96267	48.27716
29.66533	35.52673
48.30672	36.62922
38.13944	30.76129
6.014479	25.67509
3.542365	26.9714
42.79527	36.27031
86.57062	50.27412
39.56741	33.89972
72.69434	48.31584
58.03984	49.3585
1.853804	29.31002
39.2179	31.46602
98.48727	52.42942
48.77371	38.25323
94.10563	54.04864
83.92847	47.52091
17.95158	28.20647
95.01048	56.11727
85.99232	56.799
78.49157	49.26422
56.95004	47.07594
30.26514	40.04051
2.2786	27.37395
13.82421	25.73971
7.102759	32.72377
91.6582	51.15574
92.77932	48.825
36.63238	33.29158
39.29345	39.26251
9.933824	31.0824
65.13605	43.15685
53.6407	41.0724
6.007176	26.99028
43.77612	34.51828
7.929952	25.76094
84.93139	49.95213
10.6553	28.12178
50.56388	41.96685
53.51782	44.28866
47.09897	37.74436
75.5023	52.83143
77.91595	51.85281
49.98511	38.98042
94.74432	51.05827
92.95188	53.48661
1.339721	26.39889
42.30414	37.55673
78.07794	49.92038
97.5904	54.14107
15.3421	28.34967
98.76406	49.13309
84.26995	46.11663
95.15149	48.84324
85.6029	50.39897
82.6388	48.38061
81.20543	48.51104
52.12943	42.5144
40.88581	37.22235
88.90546	51.78046
56.23732	48.52531
78.77465	45.56763
84.84227	51.4582
34.36649	38.98149
83.91218	48.75046
58.07242	43.71855
83.82288	55.54179
87.88743	54.41362
14.28755	25.4062
1.782012	27.96936
16.05546	27.62314
73.18263	46.77164
60.92303	38.09319
21.70118	32.4414
88.13552	49.91069
32.5819	39.13367
92.99683	51.38844
52.77596	45.58374
89.61299	57.29454
56.79535	44.80744
22.14588	28.86264
5.707919	27.34571
88.0762	48.06525
85.75426	55.32975
62.96912	42.48697
51.57445	40.29388
28.01765	35.10744
34.8102	35.88959
59.93217	43.16594
91.23175	54.05089
58.87559	48.60615
32.27531	36.4666
62.24922	41.83992
88.9535	58.26649
28.569	41.6209
82.12865	54.42593
52.80956	40.90731
2.111467	24.43811
19.12803	26.60918
19.89675	31.78079
14.09274	24.08006
13.10906	23.5254
27.85388	30.73693
62.4575	44.85667
8.41542	31.58077
84.34779	47.26526
72.26583	42.30737
29.64892	32.31441
45.30962	30.82323
84.13946	50.82744
80.27504	46.67568
63.73686	43.44632
5.919486	23.41308
89.26754	48.33176
73.25422	50.44884
55.27571	46.07232
20.92501	34.25483
43.42269	37.35513
95.62373	53.13751
70.11113	42.13514
39.30627	34.95224
54.61295	40.0625
10.81947	29.1643
34.94499	35.90139
42.01807	29.95346
90.5457	51.33489
78.63503	51.47761
0.6762163	24.6956
58.25274	43.57948
11.07543	29.15833
86.6315	47.70813
12.07438	23.56254
68.8685	46.8469
96.12264	59.05788
80.24846	46.45018
38.16112	30.3476
65.83267	43.40657
59.29691	45.24537
73.79422	43.70743
51.50709	41.61537
58.77429	45.99624
84.81764	49.49368
61.02322	40.71286
77.85686	50.10254
10.61887	31.39849
83.84448	50.00049
64.55123	36.59151
87.8531	51.81682
98.10714	51.8557
19.35851	28.56781
65.68083	45.52546
48.16706	35.68054
46.12696	38.60974
89.16549	53.65513
74.0705	45.00962
48.37185	42.55394
8.697452	27.93558
77.28153	47.06175
52.55726	41.12256
82.89115	51.98495
36.00877	34.33587
83.56437	51.80548
76.54902	44.34317
44.91163	38.61543
36.00092	36.0685
4.130289	26.18217
24.70294	31.06402
31.35063	38.58183
48.99593	39.37846
8.66229	27.77238
62.71419	46.6479
37.15041	38.15159
11.20596	29.26865
36.2934	34.46546
15.53807	31.17362
16.82797	27.05663
24.12723	29.92921
21.33277	33.10225
25.60254	35.57202
53.33195	44.21865
16.5847	31.41803
57.87488	43.03062
88.89168	49.53311
60.47904	37.55775
58.24107	41.3779
63.39693	47.21809
48.4693	38.31999
42.48133	34.80612
60.40401	49.23016
0.7390126	20.46045
64.46486	44.46937
27.51749	35.20149
97.84341	57.07417
22.15879	33.688
91.96908	46.49808
83.58151	52.88783
72.02081	47.4511
47.65385	35.49529
52.68013	41.76278
49.60085	42.52376
81.503	45.71954
11.95357	32.42489
73.64771	52.64207
41.81559	38.7968
30.04578	33.31545
26.47543	34.87783
62.47159	40.65608
40.75906	36.45631
40.5008	34.95885
60.68199	40.32661
45.40123	39.09607
19.69396	34.18342
79.572	50.33123
82.83257	47.94267
83.70851	51.88842
10.42893	32.20348
87.75999	50.4599
71.60409	48.45458
14.06053	30.43044
93.63872	54.20488
0.7878426	25.58357
69.78739	46.12841
50.68248	39.99444
43.45453	39.59881
86.22533	50.17767
61.91779	46.03465
60.10379	42.09269
18.62005	33.08203
92.17504	55.53978
35.98172	33.38662
72.37764	40.57691
99.8647	55.44929
68.48166	44.24561
65.11908	38.46635
90.67457	50.12936
24.40916	30.8057
3.960703	25.18365
15.97214	33.98635
97.06804	51.83293
69.2918	47.1345
56.94517	42.69772
56.06959	39.31497
5.592677	28.81953
56.50704	42.86214
75.85129	48.18234
86.6525	55.46424
2.314852	21.78283
93.8447	56.60249
23.08981	36.16958
77.027	47.94568
35.91911	42.24662
80.4305	50.4977
75.14463	46.94911
70.17302	42.6166
96.94577	51.14058
70.91063	46.90653
13.08518	32.79241
78.14942	44.13795
6.809587	30.31332
94.33607	51.80349
1.608816	24.97144
14.96802	26.93205
23.18341	35.42545
33.52728	34.98252
20.26349	33.50707
68.94277	47.67898
73.6697	49.47607
17.30339	33.72319
54.69713	41.55237
53.23512	37.81598
92.46128	51.70735
30.7334	34.42945
26.00653	28.4948
63.05425	41.88167
88.64127	55.87826
68.3633	46.03583
39.24988	36.81032
23.40592	31.32404
14.231	31.71766
27.15473	31.70975
42.34337	34.65536
48.98147	37.58086
79.29403	53.16806
23.38823	32.30209
13.09866	27.17752
56.1769	40.5963
62.59547	46.4215
86.9259	54.4062
39.83108	31.64334
70.4442	42.33584
79.16048	49.57411
48.73333	38.29129
29.89008	30.97054
53.63495	42.37327
54.8601	42.85959
79.69852	48.92203
98.52236	55.75656
51.69072	41.32053
89.38837	55.48445
87.52984	48.52892
39.41756	35.87503
58.15098	41.31127
0.2496357	23.71484
96.61215	49.11887
85.12761	47.36169
29.30768	33.73819
12.64531	30.914
77.01796	47.5576
25.29286	28.82549
85.19408	54.2475
49.86744	43.96578
15.95852	25.96512
17.60403	33.62397
74.84497	44.49625
33.08193	33.42247
26.58973	29.13984
3.040332	27.61388
0.4376634	26.39771
97.13912	45.94524
56.04796	38.08755
70.63143	52.79955
52.80298	43.46648
45.61858	46.71513
56.30547	38.8218
19.17958	30.58737
76.14846	48.67582
24.11654	32.27932
79.66767	45.57553
71.5364	43.95639
64.13887	43.38018
22.7671	33.58926
81.59902	48.69055
31.22247	33.81216
89.19701	53.36656
96.1057	55.00046
48.29323	38.51169
75.68817	51.42839
40.37236	39.12077
97.0513	53.80516
5.667254	24.57228
9.772566	26.82632
26.77445	36.73235
72.68634	46.30916
37.40517	37.78125
62.06144	46.84443
89.6209	48.08368
49.87962	38.76582
12.03816	30.1464
68.0141	44.14995
74.90727	48.19026
81.9894	54.58666
29.63033	32.82248
47.14508	42.18377
83.32296	55.28545
90.66158	45.6481
22.61757	32.18335
59.87838	46.78301
48.8253	43.1074
79.59364	49.19685
96.9934	54.85456
0.2274804	25.77726
3.496821	24.20052
29.82114	37.32995
53.24565	42.22336
7.156292	23.41588
54.91475	42.06044
51.88323	38.32044
55.09342	38.20053
94.27524	53.19663
47.98952	38.45675
71.98585	45.85249
1.747468	27.87263
28.0527	30.54736
14.84112	27.36526
65.90683	41.42789
46.94473	43.02332
37.50216	33.24143
56.88602	41.22068
22.71875	33.0788
87.92342	49.07693
67.20063	47.65089
9.80347	24.34286
79.64641	48.01775
50.51558	42.3862
48.93661	40.15831
81.53623	48.40423
20.96569	26.52918
78.26793	44.78145
12.78153	27.48859
60.30503	42.77777
57.6868	36.66702
59.56726	43.04436
47.23202	38.99645
64.84416	49.93434
53.63134	41.81747
81.72666	48.81898
11.56848	29.0332
35.50422	37.3383
67.63718	47.5052
69.58022	48.84909
43.28693	38.67564
50.64372	42.94985
17.40867	28.61572
30.93114	37.49836
97.20762	56.57404
67.15383	45.84159
83.29128	48.29908
84.16314	52.55305
50.85137	41.26712
71.72906	45.38146
62.62469	38.40322
97.82658	52.44305
58.23171	35.6004
77.60028	45.79296
23.96028	33.83841
69.11939	40.98256
72.33928	42.38181
74.5164	48.41678
64.49097	45.78595
82.75498	41.75187
18.99409	30.75844
3.447188	26.32336
61.72358	44.09082
48.69656	39.50975
22.1065	32.1408
30.45277	37.08619
6.12629	20.76492
42.98763	39.52286
20.43954	32.11196
37.53567	37.20684
8.294981	31.1614
68.32833	44.61948
56.27852	45.91672
53.55706	41.33708
82.28083	52.79683
36.63912	39.90875
33.37004	29.50374
81.00786	50.0565
92.54916	52.8211
22.47537	33.48179
66.87508	42.91668
79.91264	44.66292
38.7694	40.44723
0.9552445	26.7035
73.06765	44.46874
87.07251	51.77256
1.99946	28.70992
32.00606	36.54868
62.49534	38.94043
59.5973	44.75799
11.55392	32.15021
97.09123	51.95004
35.10765	28.71756
20.11788	29.33519
55.49088	41.56382
62.56186	42.60014
97.90915	61.48873
81.43387	55.47592
63.06446	45.71616
53.06822	42.82359
88.73569	41.74975
63.26411	43.79303
0.9676884	26.96896
19.84853	29.95953
42.85713	32.99702
51.78577	37.42697
11.00963	24.00646
89.69235	53.27037
79.24944	46.3426
86.79915	51.10855
4.165047	29.70803
15.3503	31.8933
28.39895	38.87272
63.82711	44.61095
65.58524	44.99776
21.34478	27.95753
5.597899	27.82391
1.372913	24.30498
36.46152	38.62512
32.89798	37.63304
18.26243	32.1302
20.65842	31.86222
99.04843	52.08594
74.85904	48.58655
41.11381	43.50349
64.88192	47.27873
10.90321	29.02251
63.71603	47.35337
30.14515	31.26623
76.30551	45.65232
13.87979	26.87561
84.35444	54.03625
29.02155	34.70251
42.38798	37.39801
14.0128	29.3339
45.53869	38.59975
17.12608	26.51131
46.75719	44.20045
62.13743	45.43939
18.48301	33.13164
30.72509	36.60523
27.99623	34.87144
75.65333	48.26913
19.71197	32.22704
97.05756	54.39827
76.55779	46.69322
57.15316	43.36518
33.82637	36.04542
6.688915	29.50064
78.48942	50.05416
89.05892	47.23403
96.11826	53.7835
88.42997	49.46385
22.97592	23.7189
89.7737	55.41916
34.50104	36.46449
16.76996	29.89922
37.50256	34.18219
53.91118	43.88486
12.24123	26.27226
81.4844	52.93711
74.2062	47.18738
65.59057	41.41011
77.32006	40.24337
5.910955	32.42587
17.04904	30.00279
77.82775	45.71275
38.51317	40.67552
66.86715	47.43003
39.2143	35.49352
70.80223	47.00831
9.529264	32.21546
56.8444	45.1159
78.20444	48.51319
63.70226	40.16206
33.51029	36.11553
26.54328	31.83585
36.35878	36.53312
59.1157	38.14951
25.43852	31.93866
53.94532	40.25957
62.26067	43.77018
62.80838	43.90006
27.54961	36.31521
97.33388	46.62395
99.49849	58.46575
92.13431	54.46457
65.06859	44.31792
3.354876	29.26221
22.55088	34.90048
62.72497	44.68294
47.91779	36.40204
58.02812	42.3237
19.96986	32.57805
10.62274	26.73568
22.04163	31.63722
43.29329	42.17323
98.32522	53.76837
96.98423	54.66641
68.54672	43.52591
24.94316	35.18918
73.8003	50.82294
48.20932	44.65402
89.3029	50.60709
46.25501	30.72245
20.39842	29.04522
30.09167	31.67248
49.69941	36.72236
58.03574	45.00651
81.0355	46.60601
9.281984	29.80298
21.0915	31.46991
76.8195	42.84054
43.65088	40.76976
75.11391	44.88298
54.4729	48.4444
8.095066	30.13779
41.48581	38.21683
33.03605	31.00489
93.00573	53.11907
40.50276	40.02771
87.3557	49.58829
28.00174	33.30218
96.29808	54.61996
51.47377	42.83507
7.15146	26.96085
88.61865	52.31078
23.6574	27.62001
24.09771	33.24635
99.16482	62.59482
69.19922	46.92135
62.84104	42.81235
4.207479	29.21194
94.68023	56.82109
51.52908	43.79686
23.4387	29.65528
7.650436	28.02525
34.53673	42.00198
93.62138	51.69053
95.87933	50.9106
15.98163	25.8634
23.04297	31.43516
43.05425	43.46851
12.39857	27.46752
47.73345	36.52064
7.173123	29.06677
6.700549	33.55889
71.95123	42.57732
49.23647	40.89214
11.69976	32.50691
91.26014	54.3423
23.60923	32.30709
58.04312	43.0095
72.39507	46.04129
93.30744	55.23695
3.850532	21.4804
37.52093	31.58332
63.28922	42.13442
73.46542	47.7651
64.71656	46.58041
98.50442	53.4818
86.99107	51.33101
86.72724	46.47636
34.35043	35.81518
54.46602	41.44955
25.46335	25.88717
25.45705	31.30457
19.81321	32.01802
93.94978	52.03294
48.94586	39.99288
44.79666	41.56878
51.61171	39.20166
83.71027	56.07134
48.76451	44.47675
27.40922	31.42485
96.53327	54.69707
98.3342	60.15405
35.22437	34.6573
95.05061	55.62332
15.05762	32.88162
34.08556	31.27752
89.58406	52.23278
11.88046	28.58557
31.21009	33.14523
72.41505	48.064
92.11026	51.88908
19.44008	29.7522
48.47975	34.74651
11.14628	32.25256
65.22689	45.44911
36.41288	37.61038
76.80055	50.4483
57.0408	38.47745
95.24324	51.6942
78.71225	51.84319
94.8312	50.52906
50.22046	36.72394
14.6372	33.11643
67.47258	45.4094
59.9048	43.21045
15.6088	28.63551
14.68888	24.61604
48.26899	39.01237
45.75437	41.11388
57.90876	44.04285
73.10728	45.6394
31.642	36.35357
74.12956	52.20174
19.95666	26.73545
3.899027	23.0409
82.82375	49.42764
91.79424	51.00933
33.2183	36.65567
41.12167	35.03457
37.22414	33.64908
16.86239	30.56585
3.632042	24.67516
1.92615	29.20211
52.37301	42.89827
99.23217	49.80916
80.26954	44.28136
49.26829	42.21541
5.25779	29.02164
97.1899	49.51155
47.63392	40.83209
80.1679	47.98716
79.27505	49.75753
28.62502	31.47545
14.1935	29.615
82.72002	50.07763
5.41571	30.65591
36.59305	32.51704
80.73913	49.65522
63.96577	39.79389
39.64878	32.34991
48.45631	30.61176
65.9416	44.58165
55.67544	40.44937
77.78788	47.49309
73.46911	44.1897
30.99589	36.79286
93.82138	48.57439
53.60631	45.79073
31.43058	35.79046
27.71565	36.88021
85.1073	52.25697
70.10786	46.78737
64.62617	43.61195
90.51936	48.80944
13.15826	29.74747
59.18533	39.93729
43.42695	39.1347
77.49536	47.84563
83.76975	49.63341
67.6344	39.81017
91.43592	52.3871
4.628909	30.30051
2.584855	24.97476
43.01186	36.78841
8.500989	28.23945
40.84573	34.07359
3.939484	27.4924
68.14561	45.90583
10.05797	29.60448
92.29883	52.05217
99.93262	54.46845
75.47293	46.1973
48.20634	35.31248
13.80801	30.26402
4.963109	22.37599
73.04668	46.06356
9.51792	23.34563
38.02986	39.90615
5.751334	25.44759
81.13886	43.93118
32.12447	31.19423
39.27806	34.74938
57.06101	44.6277
15.56202	24.18313
46.56871	37.80466
42.66594	37.21835
8.309744	30.43647
73.85781	50.36587
5.322606	31.01971
17.31421	31.5058
71.92099	46.01331
85.27439	51.86151
0.02849861	24.24
99.20837	50.2017
48.45682	40.97587
