temps
3.170967742
6.871428571
8.132258065
14.92666667
15.60645161
17.73666667
20.90967742
21.11290323
18.66666667
14.37096774
9.256666667
8.103225806
8.048387097
8.248275862
9.959375
12.74482759
17.31935484
18.71666667
18.91290323
20.37096774
17.73333333
14.44193548
8.91
9.916129032
8.841935484
9.482142857
11.91935484
11.09333333
20.40322581
21.23666667
25.09354839
23.02580645
20.13333333
15.80967742
10.29
8.7
9.44516129
11.02857143
12.48709677
13.8
20.16129032
18.51666667
24.02580645
25.32580645
18.96
16.03548387
10.21333333
7.080645161
6.980645161
4.817857143
12.02258065
13.14333333
15.58064516
16.88
22.64193548
23.52580645
21.13666667
13.81290323
10.38
7.774193548
6.964516129
8.686206897
11.47741935
13.35
20.45806452
21.48333333
21.42580645
21.4
18.04
12.18064516
11.53333333
7.493548387
10.11935484
6.985714286
11.20967742
14.17
17.79354839
21.1
21.11935484
20.9
17.25
12.85483871
8.443333333
8.970967742
8.825806452
7.217857143
11.80645161
12.61666667
16.23225806
20.86
25.51935484
22.38064516
17.13666667
14.88064516
13.26
10.1516129
8.309677419
10.43928571
10.66774194
14.79666667
18.740625
19.94482759
25.90645161
27.27096774
18.36333333
17.83548387
11.52666667
5.512903226
7.019354839
6.065517241
8.487096774
13.99666667
14.38709677
21.93666667
23.26451613
22.34333333
18.45666667
15.6483871
10.00333333
6.193548387
4.932258065
10.17857143
13.37096774
15.00666667
18.17419355
19.93
23.1516129
24.80645161
20.24333333
15.65483871
12.14
9.706451613
8.759375
11.24285714
11.71935484
12.55333333
19.43225806
19.35
20.43870968
22.87741935
20.00666667
14.80645161
9.656666667
9.348387097
9.523333333
8.485714286
11.79032258
14.65
18.9483871
20.00666667
24.27419355
22.71612903
21.13666667
15.33225806
11.36333333
8.680645161
