90.77212
16.11536
31.12350
39.79581
48.82297
78.17519
29.97319
61.66741
55.47211
8.93557
73.36877
60.94679
30.12837
63.49312
69.4257
33.65231
60.49952
89.56325
37.79412
55.99477
0.1413198
71.25819
1.223218
81.51914
3.874102
73.32387
45.66414
67.81447
93.4453
3.169260
46.40063
34.40727
4.860776
52.615
13.86071
89.67519
55.02998
21.1138
44.26442
58.57412
95.0795
9.10939
88.94967
13.98662
64.55277
42.33967
50.44069
66.32086
78.7988
33.02075
32.89130
83.16962
61.49388
6.272553
58.0733
47.57547
26.70958
96.97189
52.713
20.33603
19.89503
72.7339
71.71202
18.63857
44.52088
15.52144
25.45980
69.33804
85.16207
6.033774
66.86249
42.90409
72.42627
45.17913
57.16254
56.66865
19.17482
67.31819
92.94657
38.05714
8.076713
2.628109
83.2709
77.27084
69.77994
41.11539
78.09971
2.263955
93.4694
82.34963
2.576484
73.86135
25.76554
97.67732
57.83722
4.443484
93.94787
47.41257
80.14195
50.54338
6.35424
11.76942
81.1503
58.01215
62.67445
94.29133
45.16976
80.90371
13.74151
33.42162
34.62778
76.88236
10.79456
95.60855
69.73568
94.33734
13.50388
27.70459
84.52742
86.37302
57.35431
46.75617
1.379824
90.49764
72.19773
16.76677
75.93843
1.819939
8.022969
42.93163
93.25565
39.83588
26.59674
37.29753
47.52046
75.1744
0.2596583
99.78076
91.91183
94.28425
57.24339
79.55355
21.98353
90.73267
0.8269232
20.07521
3.085331
1.640238
86.41892
4.090842
73.14632
35.69761
26.79294
34.33314
21.35976
71.27702
98.247
69.61504
94.51118
87.91199
8.554812
31.94292
28.86104
69.44575
34.72403
33.83673
26.67848
92.48548
37.57963
34.73635
63.43339
72.98123
0.7966615
62.91113
49.27984
89.67982
2.339266
62.8877
74.30772
95.05759
22.58763
25.12620
94.1664
98.3644
84.1042
59.7063
19.66474
52.99597
27.11290
17.36868
67.40848
26.14429
18.37156
29.84677
86.01044
33.54098
32.65353
54.17066
31.76129
98.12208
71.62579
32.29905
29.06927
28.15984
92.69007
9.365453
35.36695
42.85631
37.07244
98.05642
23.48097
25.99771
87.11752
16.40208
79.94823
59.03252
8.86732
34.09096
26.62382
80.25504
19.83797
60.90953
7.737775
17.87545
72.95465
30.12102
54.6635
13.52250
69.04751
63.84137
82.96889
99.2091
75.90073
21.09738
10.52075
66.2493
87.07296
82.95092
87.40985
73.25916
99.2867
15.68673
6.031937
38.11955
10.49621
92.56361
67.04201
37.40342
63.77918
51.72261
44.11144
82.63942
90.514
5.029196
68.10348
49.40476
83.54386
47.94333
56.57284
75.3108
16.30101
55.85087
46.04219
73.55403
82.92565
90.74304
99.31368
92.62888
56.80318
79.78273
77.67198
34.04731
21.87909
66.48732
31.67054
98.82756
94.71505
1.910308
39.13322
45.72816
75.29085
91.16646
61.09308
62.2207
31.36638
93.80196
35.46188
12.63955
55.489
35.52258
65.77271
9.92675
87.88902
55.36595
54.48521
79.39783
80.75142
37.74076
77.68413
8.813502
34.66414
36.23513
71.4882
43.81382
74.00274
35.53707
25.79219
27.58666
29.46685
97.45893
6.300958
40.32825
0.03192024
44.55709
1.523862
2.413508
51.87585
9.209952
25.38269
53.24676
55.07045
59.68833
83.77343
5.786227
71.92039
38.44157
88.65514
85.07382
51.66195
4.805643
48.26196
74.42197
58.88925
97.31837
13.77029
94.38998
77.11049
18.58059
29.43173
38.73585
64.86185
68.06191
67.29513
8.793047
61.53004
30.52198
6.550581
88.8291
72.45668
93.03762
98.80798
66.98566
90.81199
0.1896715
91.86352
50.42325
4.723051
63.47731
81.12104
78.21824
92.94702
21.21514
43.66525
27.41723
35.44186
30.30405
85.88328
51.86266
82.3647
23.84768
86.71772
25.28280
93.633
56.09946
83.28167
77.13521
35.45618
49.11908
28.29209
43.05852
71.77618
68.4153
6.50209
40.22277
47.8079
58.5041
65.40127
94.24822
73.72505
57.92255
38.51066
94.83488
29.44753
82.3041
65.1046
56.47112
0.3945387
88.1601
24.70561
33.76388
50.8239
80.55362
54.2158
33.00106
23.38877
90.2141
10.60813
29.97989
14.83769
14.84819
66.77141
42.92022
78.81641
96.67291
94.63575
56.74659
37.44478
78.34025
87.6924
2.839887
55.79008
86.93279
31.2629
1.666087
17.48606
67.27113
54.85594
32.1536
90.0228
26.38500
26.46477
32.05072
33.5948
18.95727
40.85912
56.13108
68.74635
61.74461
24.73470
81.77651
36.32640
52.47204
33.16069
52.76052
48.08642
60.40021
70.76134
4.746915
39.83937
24.0188
98.71592
57.11086
28.53344
39.19912
95.57614
0.7610972
53.74028
93.03158
18.61612
36.51278
30.99691
14.25933
28.04845
45.2908
47.14637
20.43847
69.37164
10.95252
70.46987
26.38015
38.96407
5.561997
88.40223
6.00428
7.345223
6.141911
15.45973
23.40886
0.8989036
61.58435
78.8452
16.89366
86.44203
87.61163
27.78788
14.79867
40.64632
10.55396
56.07587
1.837277
97.92376
25.17436
31.18821
95.34359
18.58393
8.995822
80.30037
1.344207
23.59467
24.37552
89.3108
71.24936
11.88237
9.308568
67.29784
89.71087
57.00708
43.00879
27.53353
16.22855
63.99266
54.08141
6.650856
70.75279
11.31224
86.65678
73.65212
92.90815
40.86416
13.92306
39.35589
13.89073
36.85926
31.30243
34.87496
96.10575
19.79920
44.11189
97.9835
88.8094
46.26407
42.33984
87.53023
56.97105
12.43035
9.266069
78.4322
60.40885
43.87391
2.854395
78.53406
24.76878
34.61602
88.73945
22.42586
47.79169
89.0853
97.34271
82.1229
49.92698
61.23964
34.15393
15.6022
22.34373
1.890515
14.60691
13.58039
87.56382
73.37773
71.79125
26.10556
70.68051
13.34266
0.9261676
45.65199
8.137736
75.7138
70.7806
91.13954
93.24737
0.7771826
75.65167
33.39828
72.52372
90.76202
1.699549
85.02711
97.91982
93.48916
95.01643
16.32274
60.20912
23.08916
25.69826
74.01917
57.63205
51.35994
2.114699
15.12774
16.20079
97.11136
73.34182
93.89009
38.01328
95.56407
16.82327
32.75221
66.54072
96.65733
80.21971
91.74516
53.25778
31.64297
65.05069
20.22726
80.48935
43.41891
26.61038
42.18105
26.36088
64.4795
78.81082
20.60323
82.31433
39.55929
91.3368
66.72853
71.28053
94.18416
6.286474
87.53741
73.96578
70.69087
51.05186
15.47014
83.86783
9.259611
76.84855
99.89826
26.18575
41.0751
59.29376
4.335442
49.35765
41.10377
66.3095
7.88789
17.51123
2.835152
2.911044
71.26063
91.92241
10.4233
1.349113
82.76421
3.72879
35.56566
73.48497
64.29518
61.13306
27.39517
78.49614
14.69703
31.73633
11.45471
46.79117
37.94043
42.12083
97.20173
6.570619
8.620458
87.13968
88.65955
81.30596
84.91473
42.20649
80.12883
7.754426
53.98257
23.90624
4.645114
63.34214
93.06377
58.14051
30.84983
25.67858
63.44156
64.16191
71.23372
21.06939
32.07639
36.68727
39.21529
4.671562
7.850245
60.73237
79.39345
99.6814
37.71271
95.42748
76.19033
60.0061
11.18062
31.52844
18.97914
34.90211
86.57224
50.57691
27.00044
34.2098
67.17063
43.0213
80.5799
78.9595
33.19826
37.87242
54.70228
2.667264
14.86086
48.88788
52.53389
87.69028
54.09026
8.212239
69.01404
24.56750
27.49187
43.65752
32.35840
87.58051
6.799072
79.83243
74.55283
71.56428
59.23298
87.65105
69.02457
95.56004
66.23144
93.09247
57.53432
74.63236
68.08108
45.5336
43.43521
15.90960
44.00556
82.72185
16.23472
77.61221
31.17399
49.38559
37.54849
38.15607
74.66984
88.85273
45.75127
56.94627
95.02081
41.01516
85.57459
4.510209
0.9882676
10.36932
33.02348
37.03589
35.93451
82.43256
94.50156
97.69174
84.27163
84.98162
56.12163
97.1835
5.856757
51.47551
1.491593
92.435
72.69425
88.17084
8.894904
17.03832
71.08787
74.93172
51.60063
94.27667
95.54067
28.21988
32.92717
16.10626
19.61657
15.60005
22.24649
6.793003
68.57777
14.38377
8.484699
45.36509
4.643268
4.385427
34.26843
45.83848
12.98954
94.60033
20.84002
20.71774
52.96783
8.546467
20.84086
12.54977
14.38552
30.79469
95.90244
6.711224
24.10584
57.74286
89.70571
11.38260
32.73271
37.44124
72.56671
61.81485
41.61544
62.53242
54.75073
66.57013
2.709834
16.47844
68.93413
45.17052
85.0254
56.18038
79.9267
92.77471
36.48889
10.11382
58.95372
43.73833
32.97629
38.64225
31.60636
32.38436
69.43854
25.96654
85.23532
77.6915
94.60708
54.6052
56.57429
3.813052
77.69107
68.40356
89.37823
76.20735
40.34605
31.66253
34.45378
10.26420
10.30970
39.50617
77.07866
70.35368
19.45708
73.86083
73.86253
40.38092
99.18593
24.06727
67.70205
40.76143
73.39175
56.46457
52.98669
6.413975
15.15387
29.11779
24.39246
93.59766
80.66602
28.91456
10.79257
58.96818
8.955069
43.47097
36.51199
95.9559
57.17443
36.43292
7.418255
18.22392
93.04611
6.517177
59.82047
30.4922
13.07134
43.68195
1.055925
97.55954
44.9606
24.70053
26.00594
97.27406
70.63152
44.83269
51.256
35.39951
22.70290
70.31088
1.457364
1.733925
18.41932
98.17916
19.16920
4.890899
39.13588
42.73727
73.52357
62.54685
6.034961
73.91122
68.41778
9.921338
26.30125
57.49216
16.28695
50.54054
22.94341
14.52602
86.65589
99.15893
94.72915
97.6698
65.80977
1.767044
67.56076
95.77036
25.58616
97.4685
20.46945
86.30553
40.57666
45.51753
65.62365
18.86044
97.34157
32.88448
62.68195
95.0692
94.30306
99.28038
51.63751
8.647568
43.93526
27.61149
63.26899
46.69908
46.90546
14.94338
2.496441
3.052405
36.5883
67.09173
93.10806
94.5724
44.05596
33.79942
50.41871
64.02275
41.18016
26.68168
26.18069
99.58774
82.12785
25.86646
57.41279
94.70347
70.78979
50.09192
93.55673
75.51095
35.50759
57.2623
18.10044
98.69179
61.14152
69.05044
10.42906
40.39286
11.37304
89.52535
21.71603
82.80281
85.37306
25.58093
99.04882
11.11378
57.13999
88.4155
32.15179
26.19269
30.31639
67.32976
68.0358
15.10325
65.8444
31.6624
9.912738
78.85075
78.46763
42.1632
54.15202
82.07133
38.58339
21.44650
10.48938
89.93662
6.386297
78.84592
45.72015
88.7708
83.66699
86.31956
1.014452
14.18405
61.13289
39.77245
0.6624283
13.04964
6.292318
23.55428
15.07643
66.54083
76.7656
94.58202
31.64931
55.44027
60.50469
21.10237
46.64883
93.88356
74.42415
48.55208
77.36076
39.90639
84.98659
10.55678
16.67575
40.19498
14.34955
85.44281
44.23029
17.42150
95.9317
62.54109
57.49703
53.27226
74.27837
48.62632
14.14867
60.5695
60.90674
1.565107
12.43835
94.00805
79.26487
44.55592
18.08511
60.13987
71.4708
70.03911
80.13326
44.1722
19.54998
2.180399
53.83483
41.29421
38.38986
35.62938
0.994043
95.51823
20.19704
74.1467
67.48544
39.75164
32.42724
98.17242
77.81228
95.81614
86.71028
26.60403
93.8136
82.24152
96.25013
75.19208
25.21608
33.58588
57.50902
24.36556
45.05861
45.1305
73.36479
88.89343
95.04024
0.9145885
67.7524
21.01636
12.16914
72.2271
92.56008
31.77127
22.07571
74.30505
31.28624
55.66831
22.28145
78.38851
38.45435
8.55208
84.23623
9.906732
42.9854
10.31411
44.10017
10.56029
95.1468
46.69252
27.44375
65.12411
47.95051
68.33825
21.22928
4.88931
33.88467
36.08459
8.107422
39.9137
5.953922
89.68949
75.71223
56.55635
32.76921
24.85179
60.64757
38.43443
14.92055
94.85253
86.28915
94.58116
76.0839
64.03719
83.46305
78.11237
58.78732
43.13647
26.64372
92.84362
23.35974
40.71138
24.88161
36.24686
7.103488
36.20333
38.3338
9.832187
14.41172
43.46762
71.6219
35.13523
93.94939
68.88502
74.6668
76.25624
79.99568
84.1591
63.87272
74.80128
61.72179
60.15628
58.72246
24.05614
69.97463
3.645875
3.240414
54.65959
32.74901
90.30668
63.24092
52.06441
68.69176
68.99836
27.35761
37.54268
96.4244
33.19852
47.21742
68.93761
51.24654
77.41105
74.87103
41.03488
39.80624
37.72901
12.80962
80.83347
85.89987
23.87139
68.61594
60.76045
43.0121
49.85679
46.07172
86.80922
79.57094
0.3598613
17.03264
48.85067
26.62219
43.23415
87.21662
22.20751
16.52617
61.13637
57.77314
61.67186
20.35667
55.92328
10.15595
14.8412
10.95329
52.53672
25.62623
15.75652
56.42386
63.80745
4.304829
79.71686
66.24948
4.541798
4.334923
96.02013
1.011927
65.42836
49.25428
53.37036
27.27379
29.31773
14.53316
69.10269
93.14847
27.18646
60.81971
62.25009
12.74571
8.648203
27.75039
98.00576
82.51097
35.26301
94.77466
54.11002
76.96267
29.66533
48.30672
38.13944
6.014479
3.542365
42.79527
86.57062
39.56741
72.69434
58.03984
1.853804
39.21790
98.48727
48.77371
94.10563
83.92847
17.95158
95.01048
85.99232
78.49157
56.95004
30.26514
2.278600
13.82421
7.102759
91.6582
92.77932
36.63238
39.29345
9.933824
65.13605
53.6407
6.007176
43.77612
7.929952
84.93139
10.6553
50.56388
53.51782
47.09897
75.5023
77.91595
49.98511
94.74432
92.95188
1.339721
42.30414
78.07794
97.5904
15.34210
98.76406
84.26995
95.15149
85.6029
82.6388
81.20543
52.12943
40.88581
88.90546
56.23732
78.77465
84.84227
34.36649
83.91218
58.07242
83.82288
87.88743
14.28755
1.782012
16.05546
73.18263
60.92303
21.70118
88.13552
32.5819
92.99683
52.77596
89.61299
56.79535
22.14588
5.707919
88.0762
85.75426
62.96912
51.57445
28.01765
34.81020
59.93217
91.23175
58.87559
32.27531
62.24922
88.9535
28.569
82.12865
52.80956
2.111467
19.12803
19.89675
14.09274
13.10906
27.85388
62.4575
8.41542
84.34779
72.26583
29.64892
45.30962
84.13946
80.27504
63.73686
5.919486
89.26754
73.25422
55.27571
20.92501
43.42269
95.62373
70.11113
39.30627
54.61295
10.81947
34.94499
42.01807
90.5457
78.63503
0.6762163
58.25274
11.07543
86.6315
12.07438
68.8685
96.12264
80.24846
38.16112
65.83267
59.29691
73.79422
51.50709
58.77429
84.81764
61.02322
77.85686
10.61887
83.84448
64.55123
87.8531
98.10714
19.35851
65.68083
48.16706
46.12696
89.16549
74.0705
48.37185
8.697452
77.28153
52.55726
82.89115
36.00877
83.56437
76.54902
44.91163
36.00092
4.130289
24.70294
31.35063
48.99593
8.66229
62.71419
37.15041
11.20596
36.2934
15.53807
16.82797
24.12723
21.33277
25.60254
53.33195
16.58470
57.87488
88.89168
60.47904
58.24107
63.39693
48.4693
42.48133
60.40401
0.7390126
64.46486
27.51749
97.84341
22.15879
91.96908
83.58151
72.02081
47.65385
52.68013
49.60085
81.503
11.95357
73.64771
41.81559
30.04578
26.47543
62.47159
40.75906
40.5008
60.68199
45.40123
19.69396
79.572
82.83257
83.70851
10.42893
87.75999
71.60409
14.06053
93.63872
0.7878426
69.78739
50.68248
43.45453
86.22533
61.91779
60.10379
18.62005
92.17504
35.98172
72.37764
99.8647
68.48166
65.11908
90.67457
24.40916
3.960703
15.97214
97.06804
69.2918
56.94517
56.06959
5.592677
56.50704
75.85129
86.6525
2.314852
93.8447
23.08981
77.027
35.91911
80.4305
75.14463
70.17302
96.94577
70.91063
13.08518
78.14942
6.809587
94.33607
1.608816
14.96802
23.18341
33.52728
20.26349
68.94277
73.6697
17.30339
54.69713
53.23512
92.46128
30.73340
26.00653
63.05425
88.64127
68.3633
39.24988
23.40592
14.231
27.15473
42.34337
48.98147
79.29403
23.38823
13.09866
56.1769
62.59547
86.9259
39.83108
70.4442
79.16048
48.73333
29.89008
53.63495
54.8601
79.69852
98.52236
51.69072
89.38837
87.52984
39.41756
58.15098
0.2496357
96.61215
85.12761
29.30768
12.64531
77.01796
25.29286
85.19408
49.86744
15.95852
17.60403
74.84497
33.08193
26.58973
3.040332
0.4376634
97.13912
56.04796
70.63143
52.80298
45.61858
56.30547
19.17958
76.14846
24.11654
79.66767
71.5364
64.13887
22.76710
81.59902
31.22247
89.19701
96.1057
48.29323
75.68817
40.37236
97.0513
5.667254
9.772566
26.77445
72.68634
37.40517
62.06144
89.6209
49.87962
12.03816
68.0141
74.90727
81.9894
29.63033
47.14508
83.32296
90.66158
22.61757
59.87838
48.8253
79.59364
96.9934
0.2274804
3.496821
29.82114
53.24565
7.156292
54.91475
51.88323
55.09342
94.27524
47.98952
71.98585
1.747468
28.0527
14.84112
65.90683
46.94473
37.50216
56.88602
22.71875
87.92342
67.20063
9.80347
79.64641
50.51558
48.93661
81.53623
20.96569
78.26793
12.78153
60.30503
57.6868
59.56726
47.23202
64.84416
53.63134
81.72666
11.56848
35.50422
67.63718
69.58022
43.28693
50.64372
17.40867
30.93114
97.20762
67.15383
83.29128
84.16314
50.85137
71.72906
62.62469
97.82658
58.23171
77.60028
23.96028
69.11939
72.33928
74.5164
64.49097
82.75498
18.99409
3.447188
61.72358
48.69656
22.1065
30.45277
6.12629
42.98763
20.43954
37.53567
8.294981
68.32833
56.27852
53.55706
82.28083
36.63912
33.37004
81.00786
92.54916
22.47537
66.87508
79.91264
38.7694
0.9552445
73.06765
87.07251
1.999460
32.00606
62.49534
59.5973
11.55392
97.09123
35.10765
20.11788
55.49088
62.56186
97.90915
81.43387
63.06446
53.06822
88.73569
63.26411
0.9676884
19.84853
42.85713
51.78577
11.00963
89.69235
79.24944
86.79915
4.165047
15.35030
28.39895
63.82711
65.58524
21.34478
5.597899
1.372913
36.46152
32.89798
18.26243
20.65842
99.04843
74.85904
41.11381
64.88192
10.90321
63.71603
30.14515
76.30551
13.87979
84.35444
29.02155
42.38798
14.01280
45.53869
17.12608
46.75719
62.13743
18.48301
30.72509
27.99623
75.65333
19.71197
97.05756
76.55779
57.15316
33.82637
6.688915
78.48942
89.05892
96.11826
88.42997
22.97592
89.7737
34.50104
16.76996
37.50256
53.91118
12.24123
81.4844
74.2062
65.59057
77.32006
5.910955
17.04904
77.82775
38.51317
66.86715
39.2143
70.80223
9.529264
56.8444
78.20444
63.70226
33.51029
26.54328
36.35878
59.1157
25.43852
53.94532
62.26067
62.80838
27.54961
97.33388
99.49849
92.13431
65.06859
3.354876
22.55088
62.72497
47.91779
58.02812
19.96986
10.62274
22.04163
43.29329
98.32522
96.98423
68.54672
24.94316
73.8003
48.20932
89.3029
46.25501
20.39842
30.09167
49.69941
58.03574
81.0355
9.281984
21.0915
76.8195
43.65088
75.11391
54.4729
8.095066
41.48581
33.03605
93.00573
40.50276
87.3557
28.00174
96.29808
51.47377
7.15146
88.61865
23.6574
24.09771
99.16482
69.19922
62.84104
4.207479
94.68023
51.52908
23.4387
7.650436
34.53673
93.62138
95.87933
15.98163
23.04297
43.05425
12.39857
47.73345
7.173123
6.700549
71.95123
49.23647
11.69976
91.26014
23.60923
58.04312
72.39507
93.30744
3.850532
37.52093
63.28922
73.46542
64.71656
98.50442
86.99107
86.72724
34.35043
54.46602
25.46335
25.45705
19.81321
93.94978
48.94586
44.79666
51.61171
83.71027
48.76451
27.40922
96.53327
98.3342
35.22437
95.05061
15.05762
34.08556
89.58406
11.88046
31.21009
72.41505
92.11026
19.44008
48.47975
11.14628
65.22689
36.41288
76.80055
57.0408
95.24324
78.71225
94.8312
50.22046
14.63720
67.47258
59.9048
15.6088
14.68888
48.26899
45.75437
57.90876
73.10728
31.64200
74.12956
19.95666
3.899027
82.82375
91.79424
33.2183
41.12167
37.22414
16.86239
3.632042
1.926150
52.37301
99.23217
80.26954
49.26829
5.25779
97.1899
47.63392
80.1679
79.27505
28.62502
14.19350
82.72002
5.41571
36.59305
80.73913
63.96577
39.64878
48.45631
65.9416
55.67544
77.78788
73.46911
30.99589
93.82138
53.60631
31.43058
27.71565
85.1073
70.10786
64.62617
90.51936
13.15826
59.18533
43.42695
77.49536
83.76975
67.6344
91.43592
4.628909
2.584855
43.01186
8.500989
40.84573
3.939484
68.14561
10.05797
92.29883
99.93262
75.47293
48.20634
13.80801
4.963109
73.04668
9.51792
38.02986
5.751334
81.13886
32.12447
39.27806
57.06101
15.56202
46.56871
42.66594
8.309744
73.85781
5.322606
17.31421
71.92099
85.27439
0.02849861
99.20837
48.45682
