27.12526
94.60103
50.69828
25.23980
76.81877
74.82574
47.20992
72.10546
92.16135
4.217955
43.75038
80.63122
50.50226
3.250472
51.85044
76.89338
78.28112
59.85562
49.02706
14.34559
26.77805
5.383713
51.88894
92.73674
80.9202
96.9679
1.556250
33.87574
97.62117
74.50687
22.07437
54.52764
8.82153
55.6672
29.19721
95.75835
77.19644
6.440494
35.71298
86.42226
12.32175
80.52453
25.19559
46.54774
94.36744
88.41684
76.2219
46.23440
27.5523
33.69149
16.27562
95.58777
51.70472
6.804912
14.89525
26.15763
56.32428
26.03527
81.4116
3.077327
66.85995
26.14437
81.57632
5.142769
6.295937
1.158463
5.329899
63.00785
82.27482
40.60361
98.39682
4.002408
26.81259
34.3378
28.64677
17.55410
52.00062
32.23817
42.60851
11.58107
77.5686
13.49808
71.64715
58.21168
6.57788
1.527496
91.17838
89.8267
80.01656
77.29417
97.31403
91.0102
95.97483
75.24186
85.50144
53.16304
51.4882
63.43143
75.0406
84.03148
2.6803
96.50641
5.381555
51.7823
59.69732
81.77132
77.31459
96.95385
74.79572
5.572783
23.14908
17.60101
1.482235
18.43314
65.6733
71.67026
29.28657
66.18135
94.22715
40.28046
54.63274
10.18793
86.5276
36.04056
98.72881
74.15867
18.75801
46.53836
87.80866
56.60709
4.738481
23.01157
6.186476
4.320285
9.120105
47.26849
45.64239
87.5817
50.9229
18.76518
6.284004
38.38749
10.94106
83.06078
43.70982
96.4572
74.73523
39.04684
98.05803
65.21487
46.71821
69.29434
44.85037
12.22719
55.04353
40.6209
86.66606
73.09696
94.14016
57.47491
46.09772
48.82405
96.16606
80.1128
15.48072
17.97148
20.15418
13.20382
8.097444
78.99581
82.85026
20.33374
62.95551
46.08998
7.475675
3.298813
7.120494
67.2597
26.00408
64.61447
35.43968
63.42171
68.39026
76.90495
7.19397
10.80205
10.26602
13.17343
54.89418
69.25488
37.91607
57.65938
93.31201
96.88642
61.19122
86.07608
30.4229
58.98387
71.67764
96.9904
79.58169
65.6137
46.46612
17.90126
82.03411
57.93726
14.58772
40.91331
18.14217
76.76308
8.447563
56.63617
32.7519
1.328094
9.849137
60.48006
2.315827
72.67782
96.30976
82.31763
20.73424
97.89449
15.96863
9.079423
24.57927
9.872487
10.18062
96.1544
7.591519
19.71696
51.82035
59.78988
71.39308
93.62826
12.51343
93.58995
64.55649
68.72631
43.11908
72.92026
18.53639
67.95149
77.88318
81.9335
96.61523
35.51309
88.10805
68.77234
78.69074
44.50457
