18.18014
20.47343
21.34757
18.41299
19.75629
29.02022
25.18396
25.968
27.77836
27.27887
12.77250
15.34910
17.49699
17.13871
14.80163
24.25352
23.33775
22.47975
24.26728
23.50835
24.38196
24.78257
20.49479
22.88978
19.5066
16.10668
15.92913
16.5276
13.83546
18.17074
25.62996
25.06923
29.17695
24.74094
26.15852
15.09465
14.20204
17.54298
12.62626
17.15813
17.43984
13.65262
12.47765
19.07891
14.10607
15.81501
17.77448
17.38928
18.1262
21.68179
25.27343
24.71245
23.32204
21.04536
20.81483
12.51258
15.38252
18.16384
12.65603
15.19281
17.63842
16.94825
14.49654
15.88273
14.18131
22.72169
24.68684
24.77398
26.72968
27.70388
26.69732
22.17517
25.09147
25.31653
25.20025
24.24677
19.31652
23.04581
22.05699
21.64345
25.82001
26.20724
24.79571
25.279
25.39007
17.94623
11.93996
18.24705
17.13587
11.45551
21.11174
18.59177
18.83224
22.66298
18.60574
20.43165
20.47890
14.81878
16.61824
23.34342
12.77791
15.33175
16.35499
20.14972
17.37941
17.07071
19.79086
21.08728
19.1695
22.10563
17.96743
20.56804
23.74651
18.52719
19.66487
15.45730
14.03248
18.39862
15.02083
15.35307
