51.75918
28.95312
35.50002
32.69104
40.50366
56.5843
31.87137
46.30729
44.09255
30.02324
46.05974
42.96545
41.13832
41.89534
45.94758
30.78103
45.73121
47.64866
36.71042
41.87292
26.84904
49.54433
27.91121
45.5246
23.16908
49.9086
40.22269
45.13829
56.401
24.71206
42.71837
29.83873
21.22408
39.12579
30.98510
50.49969
40.27002
31.83822
38.66342
43.15105
50.40798
26.93371
52.68181
29.29317
44.046
34.63249
31.79641
43.8787
44.83925
38.10411
42.3402
50.23783
42.05323
23.43612
41.85744
36.55812
32.7664
55.61026
32.01379
24.97123
26.94684
40.16191
44.47413
31.49162
34.67134
31.82309
31.24872
49.22922
51.44065
24.55949
43.54302
35.93361
45.07223
34.16737
44.17104
44.34583
28.42308
47.46691
54.34426
37.62358
34.51210
26.51137
46.1902
48.24958
46.26103
39.87661
48.07093
33.63378
57.82997
48.70141
23.75314
46.39165
29.80529
57.2381
45.1488
24.45441
53.29426
40.03944
47.81423
41.71411
26.93594
33.52973
55.8817
43.53502
48.56582
51.87432
39.88304
53.92917
28.42013
34.34907
34.38359
48.33128
24.12299
51.20933
51.42456
49.79154
27.05863
32.88198
46.62424
48.00829
43.84481
40.58739
28.31825
58.72105
43.85352
28.27018
45.92699
23.00658
28.1655
32.68443
53.18326
38.57357
28.35451
38.45196
36.87566
49.62016
26.45004
54.94169
56.61093
54.82494
43.06431
44.47037
26.9668
50.99645
23.94448
36.78514
23.20261
29.24154
48.29227
26.44928
41.92012
36.06232
28.37727
30.54773
28.63378
55.49952
52.58674
48.45984
55.66456
53.79432
34.18967
32.06259
39.41378
50.99077
34.0659
32.47591
31.69139
53.9745
36.35658
36.45029
39.15678
45.19347
27.1918
36.55756
40.6798
50.21369
28.48216
39.66642
47.39453
54.52471
32.85686
33.36349
55.63503
55.86413
53.2746
40.01256
31.42045
35.85099
31.58384
32.86745
41.79986
24.96309
27.18373
37.16578
55.52468
33.76612
35.78712
42.55848
40.57794
56.83628
48.55815
38.04823
35.2395
29.40033
52.28714
26.58427
35.98481
36.15480
37.95401
52.47677
33.94497
34.29973
47.10963
31.10617
51.84907
39.68543
29.72042
40.85095
35.06110
45.1789
28.78725
41.95997
28.64639
26.74686
46.67909
33.56273
40.02604
31.11717
44.66329
39.67979
48.76233
55.23515
47.32251
24.32935
25.52038
41.30685
53.66759
51.23893
50.77603
44.72536
55.46972
29.69594
23.62967
34.03005
30.12082
47.28846
45.02451
36.84163
43.42958
37.80747
37.21612
48.86614
45.61422
21.90413
42.71992
37.1276
51.55479
43.50869
37.71517
44.04632
25.30929
44.84207
33.78076
50.44015
46.37154
52.60198
51.99116
52.69141
37.15995
49.10243
50.77218
34.72216
28.98806
42.50404
33.07992
56.09468
50.50494
23.23577
36.12654
35.71517
48.03015
53.17234
41.48833
41.64714
34.84069
55.78558
35.49397
28.14598
42.69888
36.76343
42.88374
26.33946
47.23332
38.14748
42.11672
53.89003
51.08925
37.61934
50.04663
28.92884
35.05181
36.19491
42.84872
35.99806
48.12328
35.63925
34.70895
36.35315
35.25109
53.70855
21.05131
40.69932
29.30738
38.52837
28.30415
31.23578
42.07031
29.56060
33.59486
35.63181
39.77066
46.9682
42.56442
28.26951
44.61382
35.20612
50.25814
52.05973
40.54126
33.25859
39.25969
45.29501
42.80979
55.28682
26.45219
53.88098
43.82229
32.37903
35.30062
36.80314
42.25605
49.26981
42.89457
26.33232
44.92962
33.58428
28.8741
52.956
50.91104
52.36864
56.71693
44.72825
50.21199
29.03212
54.87716
36.18809
27.1031
48.77867
47.50271
45.60284
56.70206
29.85007
39.58188
32.64133
37.79989
36.05824
49.75789
40.42123
53.62478
30.36344
53.4035
31.89680
53.38533
45.15897
46.21015
45.72783
38.36605
47.19821
30.89039
36.10296
48.38244
46.48373
30.00139
35.25367
44.67661
45.26189
46.11509
51.02222
41.81692
40.19132
40.88547
51.76925
38.33972
51.75864
39.69566
38.68754
21.94127
51.98601
29.97164
39.70766
38.5116
46.79166
35.68611
37.99908
36.07271
52.80225
22.24720
31.24863
28.64515
26.37657
43.98539
39.89134
45.13797
51.20678
49.45779
40.50629
35.5167
50.53065
51.15579
25.03980
42.97432
54.42541
33.05203
26.39817
31.44521
45.08100
42.76625
34.61283
54.23674
31.17427
40.48957
33.97139
36.0279
28.65822
40.49881
42.39379
45.0113
47.13849
30.57597
55.8034
38.27594
43.15705
35.10518
44.14059
38.29613
45.43808
48.71535
29.57236
36.39363
28.21317
53.17051
37.87679
32.58011
38.24101
48.74068
26.48558
37.9747
48.5511
30.66986
33.33385
29.27350
27.28196
36.39127
38.61039
45.52699
27.96720
46.3741
23.09392
43.59316
30.61146
36.62339
26.82890
50.27124
26.09560
28.59452
25.12876
27.93045
31.5811
27.99491
45.41199
45.00621
26.63230
49.97879
54.34447
32.48734
30.85979
37.48866
28.05860
39.60046
22.35276
57.08056
35.11523
31.16771
51.18233
31.39549
32.40359
48.19514
25.43346
37.07387
29.36098
52.90387
46.78125
31.25198
29.26400
38.00771
53.8112
40.15752
39.15032
29.09598
32.61566
43.82396
43.56687
25.69629
50.88403
28.08509
50.2273
43.97076
57.68936
36.90251
27.98409
35.4664
28.72537
37.61345
29.7751
40.9174
56.2895
32.88149
34.86219
54.85661
52.28763
41.96273
41.23118
56.50519
41.74866
30.47843
28.57564
52.40694
44.53384
40.11232
23.06183
44.72400
29.01044
37.45893
53.8148
28.59535
39.01925
52.37508
53.07329
46.80925
41.21505
37.86029
32.97915
31.52961
29.01716
25.49578
29.22282
25.79300
53.31502
46.44546
46.11987
31.5268
39.96539
29.2923
22.61689
33.96920
23.06081
53.14419
48.00325
50.38214
51.99487
26.06677
53.96645
34.52368
41.28048
52.52617
27.15913
55.28317
54.33674
51.49224
56.34453
28.16505
41.10697
33.97057
32.99694
47.67012
41.63615
36.22485
27.46961
27.67982
27.35109
55.32647
46.7239
56.45329
39.11351
51.32227
28.97058
34.68291
43.29531
54.62822
51.9257
50.91295
37.30605
36.76969
43.6158
30.62487
50.07877
45.73423
35.86029
39.56503
34.76763
41.0129
48.98962
32.1692
48.65836
38.52411
53.82143
40.52572
52.90719
55.34037
25.97714
48.97599
42.48507
42.94999
40.18557
26.87742
49.95634
28.20408
43.91419
49.27854
38.38718
34.06798
40.46077
28.43367
33.60919
35.14491
47.3948
22.65460
30.88662
20.96974
25.02346
52.25063
52.01646
26.46965
23.33877
55.58379
25.89376
41.57779
51.09105
49.00526
46.44445
33.77261
52.74842
30.63895
30.79344
25.85199
41.76903
35.16919
37.13142
56.36994
26.53493
27.23687
47.9797
52.29594
51.4906
49.33595
42.91274
48.45463
29.78859
42.52926
31.68147
25.22426
49.31927
50.50308
39.9823
34.5491
34.19576
53.30744
44.27344
43.21775
32.82445
32.57555
36.17983
40.63284
26.578
27.04923
38.98389
48.32382
55.14057
29.38843
52.57073
52.48878
44.03234
22.90386
32.96682
30.05994
27.10088
48.70755
39.84574
28.21925
35.49818
47.49969
42.04719
43.57349
47.51408
41.14228
35.51325
38.45313
24.24665
28.27393
38.29622
38.60086
52.83279
36.16238
26.28994
44.2938
35.89091
37.43875
33.38652
35.48983
50.39052
24.20064
55.05038
44.38538
46.48617
38.28955
44.63961
50.63075
48.97718
45.10927
54.57179
37.9013
48.17344
44.8025
40.02646
42.1137
27.96672
33.69309
54.25152
30.71778
50.02309
37.70899
40.34357
35.02628
35.88543
42.18436
51.14261
37.87971
39.51584
54.57993
36.76928
53.22808
26.69107
27.28409
26.43463
36.8761
35.90256
43.38814
50.92002
59.24787
57.24855
46.53682
52.0171
39.23139
51.65891
18.33571
36.87402
23.43718
48.86094
44.65868
56.77527
29.54809
34.82991
40.14955
43.85344
42.08338
48.7148
52.51044
36.12464
33.23751
27.75818
32.82028
32.99842
31.53428
22.72443
45.30982
29.92993
22.7938
38.55239
31.54398
26.13009
33.49884
37.9191
23.90914
53.20712
32.3659
33.05150
42.52129
22.59950
34.92859
26.74051
32.50171
38.96745
51.92849
26.99466
31.64917
35.94864
51.00342
31.07175
39.11014
36.06663
47.17196
48.418
33.68307
44.00264
45.79641
45.45333
28.34795
28.00884
45.15157
38.02259
47.19547
44.77985
46.19126
49.25178
36.89663
21.03046
44.42092
36.77671
35.78524
33.94346
35.26613
41.9655
39.82399
35.18964
51.83511
48.50123
55.22237
40.09979
40.23911
26.77720
51.02434
41.30074
50.4232
47.94919
34.75967
30.05529
37.1634
28.12283
27.53952
31.94934
43.2874
47.33898
34.35154
41.50976
45.68838
38.05884
54.37063
32.94604
42.80159
35.45723
49.6081
45.56123
38.87894
24.99466
28.67321
35.33657
32.17281
55.71487
51.49259
34.35500
21.19629
38.57948
26.03102
39.69841
35.64977
53.45686
44.73923
39.4236
28.87469
32.65964
55.90966
25.14508
44.37224
30.94894
30.13254
38.5818
19.34229
54.08715
38.80832
30.3269
35.4792
54.65109
51.0345
41.09803
40.33107
33.73695
28.84681
48.2711
26.20899
20.26596
30.48632
53.16171
34.27364
26.20723
35.33098
33.62216
49.1296
46.32721
24.79779
44.76785
39.02221
22.46689
37.94950
42.05292
35.21983
42.58982
38.48420
29.66289
55.57564
52.47324
52.69107
50.96673
38.88157
21.91433
43.3687
50.62623
30.3796
54.50356
29.10674
53.91276
35.3694
35.91893
45.12097
32.28138
59.3746
33.66435
44.89716
55.82071
58.51887
57.60564
43.34904
23.46186
41.89934
35.11642
41.01595
41.63325
35.15215
33.25207
22.84907
28.69652
33.98227
45.56625
52.7833
54.96383
35.66524
34.35487
35.36572
43.42436
40.56832
32.43929
31.99302
55.56258
54.31836
28.75774
48.83719
51.27781
44.02689
40.14344
49.08416
42.96972
27.12692
43.78360
28.20525
50.28043
48.55715
48.23979
31.62716
36.40632
24.08037
54.68989
31.76397
49.08333
45.71107
32.87095
56.67112
26.46518
46.53211
52.19085
35.27223
39.55702
29.66052
54.4998
47.66241
29.23669
49.38678
30.13973
31.422
46.42045
48.74484
38.38622
43.78855
53.46442
37.93877
32.09203
25.86977
51.41224
22.90431
52.84099
40.19591
54.70544
45.90206
52.75018
34.00821
30.41264
44.20813
38.00518
31.21427
31.33115
25.82387
35.23522
33.03162
43.45352
48.8097
54.15661
38.21978
40.93155
43.7472
33.11301
35.21523
56.42966
51.87445
34.76057
46.49345
43.62103
46.2731
28.44613
33.515
39.66281
30.77322
51.99629
43.14975
33.62691
53.02362
47.90638
43.0436
43.53044
48.35795
39.1292
30.11899
38.12707
44.53683
28.4203
30.87364
50.49293
44.29292
42.81228
31.56707
41.48865
47.97046
46.89081
53.35201
39.62952
31.38216
25.51476
44.63975
42.54719
34.7362
40.39492
26.20379
49.76706
33.88571
47.39682
43.95703
40.19656
34.77527
53.2193
47.5135
56.34474
52.81788
30.86784
58.0987
51.39663
49.24504
43.84913
28.14905
34.47374
45.04336
28.55993
31.59933
38.87977
44.16534
51.50155
52.70792
22.3536
45.82714
35.19791
32.83165
52.05918
53.98711
30.23628
27.98939
45.72452
34.21379
36.81787
29.78863
48.94241
35.75499
29.95236
46.75743
30.66407
42.45099
26.14576
41.64826
26.42142
53.29574
40.00283
33.81879
40.92754
39.52562
42.79119
30.90104
19.14332
35.48465
40.73582
25.77440
43.58882
26.95503
50.6109
45.72005
39.87011
31.66739
31.65873
43.62864
35.8663
32.83992
58.77937
51.79913
48.60579
44.79779
43.47901
49.5467
53.92849
44.51730
35.85574
35.48125
50.53765
36.11708
35.24513
33.49725
36.9391
22.40598
39.52214
34.67302
29.5129
30.70928
36.41998
48.89882
37.18799
51.19673
39.98947
44.60689
46.31941
49.57217
49.05211
46.775
49.25819
40.11323
44.03204
46.19154
33.67111
46.13348
25.24046
18.94231
39.08195
35.55042
49.86207
43.60153
43.64275
47.04808
42.13160
29.84919
35.89224
53.42393
35.13069
42.3763
39.18056
43.68798
54.64949
47.79190
35.92601
39.3152
41.28834
31.56902
50.73608
52.37882
28.30719
48.76714
41.41439
33.8306
40.10495
40.77993
48.45452
41.9131
22.78993
25.22801
40.30456
29.51432
34.12413
52.2472
30.4855
34.91869
39.83418
40.60028
36.70989
31.04451
43.87673
25.96104
34.28687
29.75559
43.28590
31.65115
29.67650
41.32517
44.5317
25.5517
49.79076
46.64721
29.99513
23.0825
54.22865
23.81358
37.71128
39.80575
38.44701
34.58741
34.71804
26.85064
45.72669
45.80622
35.06246
41.51545
44.76184
32.87847
30.11402
35.84916
55.00549
44.08870
33.20937
54.28228
38.62511
48.27716
35.52673
36.62922
30.76129
25.67509
26.9714
36.27031
50.27412
33.89972
48.31584
49.3585
29.31002
31.46602
52.42942
38.25323
54.04864
47.52091
28.20647
56.11727
56.799
49.26422
47.07594
40.04051
27.37395
25.73971
32.72377
51.15574
48.825
33.29158
39.26251
31.08240
43.15685
41.07240
26.99028
34.51828
25.76094
49.95213
28.12178
41.96685
44.28866
37.74436
52.83143
51.85281
38.98042
51.05827
53.48661
26.39889
37.55673
49.92038
54.14107
28.34967
49.13309
46.11663
48.84324
50.39897
48.38061
48.51104
42.5144
37.22235
51.78046
48.52531
45.56763
51.4582
38.98149
48.75046
43.71855
55.54179
54.41362
25.40620
27.96936
27.62314
46.77164
38.09319
32.44140
49.91069
39.13367
51.38844
45.58374
57.29454
44.80744
28.86264
27.34571
48.06525
55.32975
42.48697
40.29388
35.10744
35.88959
43.16594
54.05089
48.60615
36.46660
41.83992
58.26649
41.6209
54.42593
40.90731
24.43811
26.60918
31.78079
24.08006
23.5254
30.73693
44.85667
31.58077
47.26526
42.30737
32.31441
30.82323
50.82744
46.67568
43.44632
23.41308
48.33176
50.44884
46.07232
34.25483
37.35513
53.13751
42.13514
34.95224
40.06250
29.16430
35.90139
29.95346
51.33489
51.47761
24.69560
43.57948
29.15833
47.70813
23.56254
46.8469
59.05788
46.45018
30.3476
43.40657
45.24537
43.70743
41.61537
45.99624
49.49368
40.71286
50.10254
31.39849
50.00049
36.59151
51.81682
51.8557
28.56781
45.52546
35.68054
38.60974
53.65513
45.00962
42.55394
27.93558
47.06175
41.12256
51.98495
34.33587
51.80548
44.34317
38.61543
36.0685
26.18217
31.06402
38.58183
39.37846
27.77238
46.6479
38.15159
29.26865
34.46546
31.17362
27.05663
29.92921
33.10225
35.57202
44.21865
31.41803
43.03062
49.53311
37.55775
41.3779
47.21809
38.31999
34.80612
49.23016
20.46045
44.46937
35.20149
57.07417
33.68800
46.49808
52.88783
47.4511
35.49529
41.76278
42.52376
45.71954
32.42489
52.64207
38.7968
33.31545
34.87783
40.65608
36.45631
34.95885
40.32661
39.09607
34.18342
50.33123
47.94267
51.88842
32.20348
50.4599
48.45458
30.43044
54.20488
25.58357
46.12841
39.99444
39.59881
50.17767
46.03465
42.09269
33.08203
55.53978
33.38662
40.57691
55.44929
44.24561
38.46635
50.12936
30.8057
25.18365
33.98635
51.83293
47.1345
42.69772
39.31497
28.81953
42.86214
48.18234
55.46424
21.78283
56.60249
36.16958
47.94568
42.24662
50.4977
46.94911
42.6166
51.14058
46.90653
32.79241
44.13795
30.31332
51.80349
24.97144
26.93205
35.42545
34.98252
33.50707
47.67898
49.47607
33.72319
41.55237
37.81598
51.70735
34.42945
28.4948
41.88167
55.87826
46.03583
36.81032
31.32404
31.71766
31.70975
34.65536
37.58086
53.16806
32.30209
27.17752
40.5963
46.4215
54.4062
31.64334
42.33584
49.57411
38.29129
30.97054
42.37327
42.85959
48.92203
55.75656
41.32053
55.48445
48.52892
35.87503
41.31127
23.71484
49.11887
47.36169
33.73819
30.914
47.5576
28.82549
54.2475
43.96578
25.96512
33.62397
44.49625
33.42247
29.13984
27.61388
26.39771
45.94524
38.08755
52.79955
43.46648
46.71513
38.8218
30.58737
48.67582
32.27932
45.57553
43.95639
43.38018
33.58926
48.69055
33.81216
53.36656
55.00046
38.51169
51.42839
39.12077
53.80516
24.57228
26.82632
36.73235
46.30916
37.78125
46.84443
48.08368
38.76582
30.14640
44.14995
48.19026
54.58666
32.82248
42.18377
55.28545
45.6481
32.18335
46.78301
43.1074
49.19685
54.85456
25.77726
24.20052
37.32995
42.22336
23.41588
42.06044
38.32044
38.20053
53.19663
38.45675
45.85249
27.87263
30.54736
27.36526
41.42789
43.02332
33.24143
41.22068
33.07880
49.07693
47.65089
24.34286
48.01775
42.3862
40.15831
48.40423
26.52918
44.78145
27.48859
42.77777
36.66702
43.04436
38.99645
49.93434
41.81747
48.81898
29.0332
37.3383
47.5052
48.84909
38.67564
42.94985
28.61572
37.49836
56.57404
45.84159
48.29908
52.55305
41.26712
45.38146
38.40322
52.44305
35.6004
45.79296
33.83841
40.98256
42.38181
48.41678
45.78595
41.75187
30.75844
26.32336
44.09082
39.50975
32.14080
37.08619
20.76492
39.52286
32.11196
37.20684
31.1614
44.61948
45.91672
41.33708
52.79683
39.90875
29.50374
50.0565
52.8211
33.48179
42.91668
44.66292
40.44723
26.70350
44.46874
51.77256
28.70992
36.54868
38.94043
44.75799
32.15021
51.95004
28.71756
29.33519
41.56382
42.60014
61.48873
55.47592
45.71616
42.82359
41.74975
43.79303
26.96896
29.95953
32.99702
37.42697
24.00646
53.27037
46.3426
51.10855
29.70803
31.89330
38.87272
44.61095
44.99776
27.95753
27.82391
24.30498
38.62512
37.63304
32.1302
31.86222
52.08594
48.58655
43.50349
47.27873
29.02251
47.35337
31.26623
45.65232
26.87561
54.03625
34.70251
37.39801
29.3339
38.59975
26.51131
44.20045
45.43939
33.13164
36.60523
34.87144
48.26913
32.22704
54.39827
46.69322
43.36518
36.04542
29.50064
50.05416
47.23403
53.7835
49.46385
23.71890
55.41916
36.46449
29.89922
34.18219
43.88486
26.27226
52.93711
47.18738
41.41011
40.24337
32.42587
30.00279
45.71275
40.67552
47.43003
35.49352
47.00831
32.21546
45.1159
48.51319
40.16206
36.11553
31.83585
36.53312
38.14951
31.93866
40.25957
43.77018
43.90006
36.31521
46.62395
58.46575
54.46457
44.31792
29.26221
34.90048
44.68294
36.40204
42.3237
32.57805
26.73568
31.63722
42.17323
53.76837
54.66641
43.52591
35.18918
50.82294
44.65402
50.60709
30.72245
29.04522
31.67248
36.72236
45.00651
46.60601
29.80298
31.46991
42.84054
40.76976
44.88298
48.44440
30.13779
38.21683
31.00489
53.11907
40.02771
49.58829
33.30218
54.61996
42.83507
26.96085
52.31078
27.62001
33.24635
62.59482
46.92135
42.81235
29.21194
56.82109
43.79686
29.65528
28.02525
42.00198
51.69053
50.9106
25.86340
31.43516
43.46851
27.46752
36.52064
29.06677
33.55889
42.57732
40.89214
32.50691
54.3423
32.30709
43.0095
46.04129
55.23695
21.4804
31.58332
42.13442
47.7651
46.58041
53.4818
51.33101
46.47636
35.81518
41.44955
25.88717
31.30457
32.01802
52.03294
39.99288
41.56878
39.20166
56.07134
44.47675
31.42485
54.69707
60.15405
34.65730
55.62332
32.88162
31.27752
52.23278
28.58557
33.14523
48.064
51.88908
29.75220
34.74651
32.25256
45.44911
37.61038
50.4483
38.47745
51.6942
51.84319
50.52906
36.72394
33.11643
45.4094
43.21045
28.63551
24.61604
39.01237
41.11388
44.04285
45.6394
36.35357
52.20174
26.73545
23.04090
49.42764
51.00933
36.65567
35.03457
33.64908
30.56585
24.67516
29.20211
42.89827
49.80916
44.28136
42.21541
29.02164
49.51155
40.83209
47.98716
49.75753
31.47545
29.615
50.07763
30.65591
32.51704
49.65522
39.79389
32.34991
30.61176
44.58165
40.44937
47.49309
44.18970
36.79286
48.57439
45.79073
35.79046
36.88021
52.25697
46.78737
43.61195
48.80944
29.74747
39.93729
39.13470
47.84563
49.63341
39.81017
52.3871
30.30051
24.97476
36.78841
28.23945
34.07359
27.4924
45.90583
29.60448
52.05217
54.46845
46.1973
35.31248
30.26402
22.37599
46.06356
23.34563
39.90615
25.44759
43.93118
31.19423
34.74938
44.62770
24.18313
37.80466
37.21835
30.43647
50.36587
31.01971
31.5058
46.01331
51.86151
24.24000
50.2017
40.97587
