25.92095
45.25342
34.35846
26.26006
44.78346
44.5677
40.82749
45.16567
50.6875
19.75227
28.28385
45.77027
38.94755
21.92588
36.81017
38.21337
44.63363
42.16766
31.53907
24.77103
31.83947
20.63219
38.00768
61.24327
45.27438
53.41395
22.5502
27.49937
52.12169
37.50901
26.63022
37.02937
19.85884
39.69942
27.33856
47.54979
39.59496
19.40604
28.95056
47.4876
22.54258
46.46996
27.11617
34.23773
53.58793
41.27391
40.34131
39.17998
31.18899
35.4738
21.24191
56.47844
37.78968
20.13052
25.57761
29.47493
38.27898
27.37137
49.76741
17.56620
37.39858
25.30033
52.87153
18.91694
23.81154
13.41794
21.62104
38.04852
52.58146
27.32881
51.15344
19.18752
22.47545
24.11565
28.52376
22.72262
38.21461
27.32924
27.31713
22.26911
46.3132
16.57253
44.708
34.38462
17.99962
24.12988
48.02993
50.10764
45.59995
52.64302
55.436
43.58378
61.44517
42.68053
46.0955
38.90812
40.38545
38.27356
45.28126
55.39732
18.94117
56.39244
17.89126
37.67704
36.54167
48.53798
52.12302
52.14007
41.68211
22.04446
19.44198
21.37482
18.81803
24.89531
45.04767
42.04707
31.14500
52.12759
59.30929
33.93046
35.01973
27.91871
48.52982
26.91347
60.75466
49.04151
26.32471
30.15275
53.64994
39.88466
17.36468
30.81165
21.58471
21.40218
28.14623
30.93843
39.85932
46.1092
34.14209
27.79073
15.59752
25.25159
20.22608
45.84578
34.36375
48.90467
48.32033
43.11641
46.8797
36.08141
29.81651
40.08705
31.83334
25.31757
39.65040
31.56146
49.47686
42.31223
53.60788
40.22186
33.14095
41.19278
56.05784
45.71432
24.88007
20.88100
33.24354
20.75931
21.91417
46.15644
47.19785
21.18042
39.36150
34.08865
16.59560
19.60107
17.47545
48.82429
23.90941
46.3652
35.58238
42.14203
40.70836
42.44776
21.94812
13.88782
23.36493
25.29478
42.42635
41.2055
34.2917
46.5106
56.12999
56.26337
43.58579
45.75862
30.70293
39.42795
43.74706
58.52158
37.935
36.60661
32.76008
27.64482
47.78862
39.64604
24.75848
22.34138
24.98772
39.80263
31.3386
32.82755
31.33805
14.24505
21.65750
41.21379
14.92440
39.88513
45.50846
41.59450
25.85789
47.19837
19.68965
20.39615
26.61791
26.63886
22.61609
47.23894
22.07668
25.55876
42.99984
36.38339
41.34215
55.10227
23.25653
41.84166
38.92016
36.32491
30.62136
40.95765
16.83748
42.70855
43.924
37.83233
49.78626
25.19151
52.34836
46.27428
40.11244
36.60431
