96.48147
98.64003
99.36465
93.19268
98.39972
99.53934
104.4138
101.9247
106.8442
104.8441
97.02734
101.5088
100.9461
99.73882
101.7369
110.1122
110.2449
108.9124
110.9950
107.9166
107.4521
105.3191
103.4488
101.3676
103.3026
103.8394
101.6163
105.2019
102.1408
103.2839
92.5495
92.79934
96.08694
91.60183
91.71207
103.2276
106.2666
104.3525
100.1281
106.7330
108.4658
103.2917
103.0872
108.1755
105.0851
109.8585
113.7820
107.3477
110.1978
117.505
107.7401
108.5788
109.0364
107.9831
110.3611
91.64084
100.0904
99.29641
97.38062
99.33618
83.58492
78.22893
79.22557
79.86374
82.62936
97.87992
94.58558
96.52827
98.09285
100.7225
110.4905
106.3133
111.6095
111.1612
106.8090
94.35574
91.9921
94.91172
95.90086
99.25876
97.62478
98.67196
96.11096
97.7603
95.23152
100.5459
91.49128
97.97491
98.4119
95.46206
93.87668
93.08238
93.90733
93.0875
91.02742
109.0086
109.9598
105.5384
108.5892
114.2939
102.1663
100.8528
101.1888
107.4761
103.7662
99.13464
100.4389
102.6686
98.3481
104.4833
76.55943
78.18361
82.92604
78.61935
78.93581
93.12872
91.15116
91.10887
89.51195
89.03599
